   5.3200000000000000e+03
   5.3150000000000000e+03
   5.3100000000000000e+03
   5.3050000000000000e+03
   5.3000000000000000e+03
   5.2950000000000000e+03
   5.2900000000000000e+03
   5.2850000000000000e+03
   5.2800000000000000e+03
   5.2750000000000000e+03
   5.2700000000000000e+03
   5.2650000000000000e+03
   5.2600000000000000e+03
   5.2550000000000000e+03
   5.2500000000000000e+03
   5.2450000000000000e+03
   5.2400000000000000e+03
   5.2350000000000000e+03
   5.2300000000000000e+03
   5.2250000000000000e+03
   5.2200000000000000e+03
   5.2150000000000000e+03
   5.2100000000000000e+03
   5.2050000000000000e+03
   5.2000000000000000e+03
   5.1950000000000000e+03
   5.1900000000000000e+03
   5.1850000000000000e+03
   5.1800000000000000e+03
   5.1750000000000000e+03
   5.1700000000000000e+03
   5.1650000000000000e+03
   5.1600000000000000e+03
   5.1550000000000000e+03
   5.1500000000000000e+03
   5.1450000000000000e+03
   5.1400000000000000e+03
   5.1350000000000000e+03
   5.1300000000000000e+03
   5.1250000000000000e+03
   5.1200000000000000e+03
   5.1150000000000000e+03
   5.1100000000000000e+03
   5.1050000000000000e+03
   5.1000000000000000e+03
   5.0950000000000000e+03
   5.0900000000000000e+03
   5.0850000000000000e+03
   5.0800000000000000e+03
   5.0750000000000000e+03
   5.0700000000000000e+03
   5.0650000000000000e+03
   5.0600000000000000e+03
   5.0550000000000000e+03
   5.0500000000000000e+03
   5.0450000000000000e+03
   5.0400000000000000e+03
   5.0350000000000000e+03
   5.0300000000000000e+03
   5.0250000000000000e+03
   5.0200000000000000e+03
   5.0150000000000000e+03
   5.0100000000000000e+03
   5.0050000000000000e+03
   5.0000000000000000e+03
   4.9950000000000000e+03
   4.9900000000000000e+03
   4.9850000000000000e+03
   4.9800000000000000e+03
   4.9750000000000000e+03
   4.9700000000000000e+03
   4.9650000000000000e+03
   4.9600000000000000e+03
   4.9550000000000000e+03
   4.9500000000000000e+03
   4.9450000000000000e+03
   4.9400000000000000e+03
   4.9350000000000000e+03
   4.9300000000000000e+03
   4.9250000000000000e+03
   4.9200000000000000e+03
   4.9150000000000000e+03
   4.9100000000000000e+03
   4.9050000000000000e+03
   4.9000000000000000e+03
   4.8950000000000000e+03
   4.8900000000000000e+03
   4.8850000000000000e+03
   4.8800000000000000e+03
   4.8750000000000000e+03
   4.8700000000000000e+03
   4.8650000000000000e+03
   4.8600000000000000e+03
   4.8550000000000000e+03
   4.8500000000000000e+03
   4.8450000000000000e+03
   4.8400000000000000e+03
   4.8350000000000000e+03
   4.8300000000000000e+03
   4.8250000000000000e+03
   4.8200000000000000e+03
   4.8150000000000000e+03
   4.8100000000000000e+03
   4.8050000000000000e+03
   4.8000000000000000e+03
   4.7950000000000000e+03
   4.7900000000000000e+03
   4.7850000000000000e+03
   4.7800000000000000e+03
   4.7750000000000000e+03
   4.7700000000000000e+03
   4.7650000000000000e+03
   4.7600000000000000e+03
   4.7550000000000000e+03
   4.7500000000000000e+03
   4.7450000000000000e+03
   4.7400000000000000e+03
   4.7350000000000000e+03
   4.7300000000000000e+03
   4.7250000000000000e+03
   4.7200000000000000e+03
   4.7150000000000000e+03
   4.7100000000000000e+03
   4.7050000000000000e+03
   4.7000000000000000e+03
   4.6950000000000000e+03
   4.6900000000000000e+03
   4.6850000000000000e+03
   4.6800000000000000e+03
   4.6750000000000000e+03
   4.6700000000000000e+03
   4.6650000000000000e+03
   4.6600000000000000e+03
   4.6550000000000000e+03
   4.6500000000000000e+03
   4.6450000000000000e+03
   4.6400000000000000e+03
   4.6350000000000000e+03
   4.6300000000000000e+03
   4.6250000000000000e+03
   4.6200000000000000e+03
   4.6150000000000000e+03
   4.6100000000000000e+03
   4.6050000000000000e+03
   4.6000000000000000e+03
   4.5950000000000000e+03
   4.5900000000000000e+03
   4.5850000000000000e+03
   4.5800000000000000e+03
   4.5750000000000000e+03
   4.5700000000000000e+03
   4.5650000000000000e+03
   4.5600000000000000e+03
   4.5550000000000000e+03
   4.5500000000000000e+03
   4.5450000000000000e+03
   4.5400000000000000e+03
   4.5350000000000000e+03
   4.5300000000000000e+03
   4.5250000000000000e+03
   4.5200000000000000e+03
   4.5150000000000000e+03
   4.5100000000000000e+03
   4.5050000000000000e+03
   4.5000000000000000e+03
   4.4950000000000000e+03
   4.4900000000000000e+03
   4.4850000000000000e+03
   4.4800000000000000e+03
   4.4750000000000000e+03
   4.4700000000000000e+03
   4.4650000000000000e+03
   4.4600000000000000e+03
   4.4550000000000000e+03
   4.4500000000000000e+03
   4.4450000000000000e+03
   4.4400000000000000e+03
   4.4350000000000000e+03
   4.4300000000000000e+03
   4.4250000000000000e+03
   4.4200000000000000e+03
   4.4150000000000000e+03
   4.4100000000000000e+03
   4.4050000000000000e+03
   4.4000000000000000e+03
   4.3950000000000000e+03
   4.3900000000000000e+03
   4.3850000000000000e+03
   4.3800000000000000e+03
   4.3750000000000000e+03
   4.3700000000000000e+03
   4.3650000000000000e+03
   4.3600000000000000e+03
   4.3550000000000000e+03
   4.3500000000000000e+03
   4.3450000000000000e+03
   4.3400000000000000e+03
   4.3350000000000000e+03
   4.3300000000000000e+03
   4.3250000000000000e+03
   4.3200000000000000e+03
   4.3150000000000000e+03
   4.3100000000000000e+03
   4.3050000000000000e+03
   4.3000000000000000e+03
   4.2950000000000000e+03
   4.2900000000000000e+03
   4.2850000000000000e+03
   4.2800000000000000e+03
   4.2750000000000000e+03
   4.2700000000000000e+03
   4.2650000000000000e+03
   4.2600000000000000e+03
   4.2550000000000000e+03
   4.2500000000000000e+03
   4.2450000000000000e+03
   4.2400000000000000e+03
   4.2350000000000000e+03
   4.2300000000000000e+03
   4.2250000000000000e+03
   4.2200000000000000e+03
   4.2150000000000000e+03
   4.2100000000000000e+03
   4.2050000000000000e+03
   4.2000000000000000e+03
   4.1950000000000000e+03
   4.1900000000000000e+03
   4.1850000000000000e+03
   4.1800000000000000e+03
   4.1750000000000000e+03
   4.1700000000000000e+03
   4.1650000000000000e+03
   4.1600000000000000e+03
   4.1550000000000000e+03
   4.1500000000000000e+03
   4.1450000000000000e+03
   4.1400000000000000e+03
   4.1350000000000000e+03
   4.1300000000000000e+03
   4.1250000000000000e+03
   4.1200000000000000e+03
   4.1150000000000000e+03
   4.1100000000000000e+03
   4.1050000000000000e+03
   4.1000000000000000e+03
   4.0950000000000000e+03
   4.0900000000000000e+03
   4.0850000000000000e+03
   4.0800000000000000e+03
   4.0750000000000000e+03
   4.0700000000000000e+03
   4.0650000000000000e+03
   4.0600000000000000e+03
   4.0550000000000000e+03
   4.0500000000000000e+03
   4.0450000000000000e+03
   4.0400000000000000e+03
   4.0350000000000000e+03
   4.0300000000000000e+03
   4.0250000000000000e+03
   4.0200000000000000e+03
   4.0150000000000000e+03
   4.0100000000000000e+03
   4.0050000000000000e+03
   4.0000000000000000e+03
   3.9950000000000000e+03
   3.9900000000000000e+03
   3.9850000000000000e+03
   3.9800000000000000e+03
   3.9750000000000000e+03
   3.9700000000000000e+03
   3.9650000000000000e+03
   3.9600000000000000e+03
   3.9550000000000000e+03
   3.9500000000000000e+03
   3.9450000000000000e+03
   3.9400000000000000e+03
   3.9350000000000000e+03
   3.9300000000000000e+03
   3.9250000000000000e+03
   3.9200000000000000e+03
   3.9150000000000000e+03
   3.9100000000000000e+03
   3.9050000000000000e+03
   3.9000000000000000e+03
   3.8950000000000000e+03
   3.8900000000000000e+03
   3.8850000000000000e+03
   3.8800000000000000e+03
   3.8750000000000000e+03
   3.8700000000000000e+03
   3.8650000000000000e+03
   3.8600000000000000e+03
   3.8550000000000000e+03
   3.8500000000000000e+03
   3.8450000000000000e+03
   3.8400000000000000e+03
   3.8350000000000000e+03
   3.8300000000000000e+03
   3.8250000000000000e+03
   3.8200000000000000e+03
   3.8150000000000000e+03
   3.8100000000000000e+03
   3.8050000000000000e+03
   3.8000000000000000e+03
   3.7950000000000000e+03
   3.7900000000000000e+03
   3.7850000000000000e+03
   3.7800000000000000e+03
   3.7750000000000000e+03
   3.7700000000000000e+03
   3.7650000000000000e+03
   3.7600000000000000e+03
   3.7550000000000000e+03
   3.7500000000000000e+03
   3.7450000000000000e+03
   3.7400000000000000e+03
   3.7350000000000000e+03
   3.7300000000000000e+03
   3.7250000000000000e+03
   3.7200000000000000e+03
   3.7150000000000000e+03
   3.7100000000000000e+03
   3.7050000000000000e+03
   3.7000000000000000e+03
   3.6950000000000000e+03
   3.6900000000000000e+03
   3.6850000000000000e+03
   3.6800000000000000e+03
   3.6750000000000000e+03
   3.6700000000000000e+03
   3.6650000000000000e+03
   3.6600000000000000e+03
   3.6550000000000000e+03
   3.6500000000000000e+03
   3.6450000000000000e+03
   3.6400000000000000e+03
   3.6350000000000000e+03
   3.6300000000000000e+03
   3.6250000000000000e+03
   3.6200000000000000e+03
   3.6150000000000000e+03
   3.6100000000000000e+03
   3.6050000000000000e+03
   3.6000000000000000e+03
   3.5950000000000000e+03
   3.5900000000000000e+03
   3.5850000000000000e+03
   3.5800000000000000e+03
   3.5750000000000000e+03
   3.5700000000000000e+03
   3.5650000000000000e+03
   3.5600000000000000e+03
   3.5550000000000000e+03
   3.5500000000000000e+03
   3.5450000000000000e+03
   3.5400000000000000e+03
   3.5350000000000000e+03
   3.5300000000000000e+03
   3.5250000000000000e+03
   3.5200000000000000e+03
   3.5150000000000000e+03
   3.5100000000000000e+03
   3.5050000000000000e+03
   3.5000000000000000e+03
   3.4950000000000000e+03
   3.4900000000000000e+03
   3.4850000000000000e+03
   3.4800000000000000e+03
   3.4750000000000000e+03
   3.4700000000000000e+03
   3.4650000000000000e+03
   3.4600000000000000e+03
   3.4550000000000000e+03
   3.4500000000000000e+03
   3.4450000000000000e+03
   3.4400000000000000e+03
   3.4350000000000000e+03
   3.4300000000000000e+03
   3.4250000000000000e+03
   3.4200000000000000e+03
   3.4150000000000000e+03
   3.4100000000000000e+03
   3.4050000000000000e+03
   3.4000000000000000e+03
   3.3950000000000000e+03
   3.3900000000000000e+03
   3.3850000000000000e+03
   3.3800000000000000e+03
   3.3750000000000000e+03
   3.3700000000000000e+03
   3.3650000000000000e+03
   3.3600000000000000e+03
   3.3550000000000000e+03
   3.3500000000000000e+03
   3.3450000000000000e+03
   3.3400000000000000e+03
   3.3350000000000000e+03
   3.3300000000000000e+03
   3.3250000000000000e+03
   3.3200000000000000e+03
   3.3150000000000000e+03
   3.3100000000000000e+03
   3.3050000000000000e+03
   3.3000000000000000e+03
   3.2950000000000000e+03
   3.2900000000000000e+03
   3.2850000000000000e+03
   3.2800000000000000e+03
   3.2750000000000000e+03
   3.2700000000000000e+03
   3.2650000000000000e+03
   3.2600000000000000e+03
   3.2550000000000000e+03
   3.2500000000000000e+03
   3.2450000000000000e+03
   3.2400000000000000e+03
   3.2350000000000000e+03
   3.2300000000000000e+03
   3.2250000000000000e+03
   3.2200000000000000e+03
   3.2150000000000000e+03
   3.2100000000000000e+03
   3.2050000000000000e+03
   3.2000000000000000e+03
   3.1950000000000000e+03
   3.1900000000000000e+03
   3.1850000000000000e+03
   3.1800000000000000e+03
   3.1750000000000000e+03
   3.1700000000000000e+03
   3.1650000000000000e+03
   3.1600000000000000e+03
   3.1550000000000000e+03
   3.1500000000000000e+03
   3.1450000000000000e+03
   3.1400000000000000e+03
   3.1350000000000000e+03
   3.1300000000000000e+03
   3.1250000000000000e+03
   3.1200000000000000e+03
   3.1150000000000000e+03
   3.1100000000000000e+03
   3.1050000000000000e+03
   3.1000000000000000e+03
   3.0950000000000000e+03
   3.0900000000000000e+03
   3.0850000000000000e+03
   3.0800000000000000e+03
   3.0750000000000000e+03
   3.0700000000000000e+03
   3.0650000000000000e+03
   3.0600000000000000e+03
   3.0550000000000000e+03
   3.0500000000000000e+03
   3.0450000000000000e+03
   3.0400000000000000e+03
   3.0350000000000000e+03
   3.0300000000000000e+03
   3.0250000000000000e+03
   3.0200000000000000e+03
   3.0150000000000000e+03
   3.0100000000000000e+03
   3.0050000000000000e+03
   3.0000000000000000e+03
   2.9975000000000000e+03
   2.9950000000000000e+03
   2.9925000000000000e+03
   2.9900000000000000e+03
   2.9875000000000000e+03
   2.9850000000000000e+03
   2.9825000000000000e+03
   2.9800000000000000e+03
   2.9775000000000000e+03
   2.9750000000000000e+03
   2.9725000000000000e+03
   2.9700000000000000e+03
   2.9675000000000000e+03
   2.9650000000000000e+03
   2.9625000000000000e+03
   2.9600000000000000e+03
   2.9575000000000000e+03
   2.9550000000000000e+03
   2.9525000000000000e+03
   2.9500000000000000e+03
   2.9475000000000000e+03
   2.9450000000000000e+03
   2.9425000000000000e+03
   2.9400000000000000e+03
   2.9375000000000000e+03
   2.9350000000000000e+03
   2.9325000000000000e+03
   2.9300000000000000e+03
   2.9275000000000000e+03
   2.9250000000000000e+03
   2.9225000000000000e+03
   2.9200000000000000e+03
   2.9175000000000000e+03
   2.9150000000000000e+03
   2.9125000000000000e+03
   2.9100000000000000e+03
   2.9075000000000000e+03
   2.9050000000000000e+03
   2.9025000000000000e+03
   2.9000000000000000e+03
   2.8975000000000000e+03
   2.8950000000000000e+03
   2.8925000000000000e+03
   2.8900000000000000e+03
   2.8875000000000000e+03
   2.8850000000000000e+03
   2.8825000000000000e+03
   2.8800000000000000e+03
   2.8775000000000000e+03
   2.8750000000000000e+03
   2.8725000000000000e+03
   2.8700000000000000e+03
   2.8675000000000000e+03
   2.8650000000000000e+03
   2.8625000000000000e+03
   2.8600000000000000e+03
   2.8575000000000000e+03
   2.8550000000000000e+03
   2.8525000000000000e+03
   2.8500000000000000e+03
   2.8475000000000000e+03
   2.8450000000000000e+03
   2.8425000000000000e+03
   2.8400000000000000e+03
   2.8375000000000000e+03
   2.8350000000000000e+03
   2.8325000000000000e+03
   2.8300000000000000e+03
   2.8275000000000000e+03
   2.8250000000000000e+03
   2.8225000000000000e+03
   2.8200000000000000e+03
   2.8175000000000000e+03
   2.8150000000000000e+03
   2.8125000000000000e+03
   2.8100000000000000e+03
   2.8075000000000000e+03
   2.8050000000000000e+03
   2.8025000000000000e+03
   2.8000000000000000e+03
   2.7975000000000000e+03
   2.7950000000000000e+03
   2.7925000000000000e+03
   2.7900000000000000e+03
   2.7875000000000000e+03
   2.7850000000000000e+03
   2.7825000000000000e+03
   2.7800000000000000e+03
   2.7775000000000000e+03
   2.7750000000000000e+03
   2.7725000000000000e+03
   2.7700000000000000e+03
   2.7675000000000000e+03
   2.7650000000000000e+03
   2.7625000000000000e+03
   2.7600000000000000e+03
   2.7575000000000000e+03
   2.7550000000000000e+03
   2.7525000000000000e+03
   2.7500000000000000e+03
   2.7475000000000000e+03
   2.7450000000000000e+03
   2.7425000000000000e+03
   2.7400000000000000e+03
   2.7375000000000000e+03
   2.7350000000000000e+03
   2.7325000000000000e+03
   2.7300000000000000e+03
   2.7275000000000000e+03
   2.7250000000000000e+03
   2.7225000000000000e+03
   2.7200000000000000e+03
   2.7175000000000000e+03
   2.7150000000000000e+03
   2.7125000000000000e+03
   2.7100000000000000e+03
   2.7075000000000000e+03
   2.7050000000000000e+03
   2.7025000000000000e+03
   2.7000000000000000e+03
   2.6975000000000000e+03
   2.6950000000000000e+03
   2.6925000000000000e+03
   2.6900000000000000e+03
   2.6875000000000000e+03
   2.6850000000000000e+03
   2.6825000000000000e+03
   2.6800000000000000e+03
   2.6775000000000000e+03
   2.6750000000000000e+03
   2.6725000000000000e+03
   2.6700000000000000e+03
   2.6675000000000000e+03
   2.6650000000000000e+03
   2.6625000000000000e+03
   2.6600000000000000e+03
   2.6575000000000000e+03
   2.6550000000000000e+03
   2.6525000000000000e+03
   2.6500000000000000e+03
   2.6475000000000000e+03
   2.6450000000000000e+03
   2.6425000000000000e+03
   2.6400000000000000e+03
   2.6375000000000000e+03
   2.6350000000000000e+03
   2.6325000000000000e+03
   2.6300000000000000e+03
   2.6275000000000000e+03
   2.6250000000000000e+03
   2.6225000000000000e+03
   2.6200000000000000e+03
   2.6175000000000000e+03
   2.6150000000000000e+03
   2.6125000000000000e+03
   2.6100000000000000e+03
   2.6075000000000000e+03
   2.6050000000000000e+03
   2.6025000000000000e+03
   2.6000000000000000e+03
   2.5975000000000000e+03
   2.5950000000000000e+03
   2.5925000000000000e+03
   2.5900000000000000e+03
   2.5875000000000000e+03
   2.5850000000000000e+03
   2.5825000000000000e+03
   2.5800000000000000e+03
   2.5775000000000000e+03
   2.5750000000000000e+03
   2.5725000000000000e+03
   2.5700000000000000e+03
   2.5675000000000000e+03
   2.5650000000000000e+03
   2.5625000000000000e+03
   2.5600000000000000e+03
   2.5575000000000000e+03
   2.5550000000000000e+03
   2.5525000000000000e+03
   2.5500000000000000e+03
   2.5475000000000000e+03
   2.5450000000000000e+03
   2.5425000000000000e+03
   2.5400000000000000e+03
   2.5375000000000000e+03
   2.5350000000000000e+03
   2.5325000000000000e+03
   2.5300000000000000e+03
   2.5275000000000000e+03
   2.5250000000000000e+03
   2.5225000000000000e+03
   2.5200000000000000e+03
   2.5175000000000000e+03
   2.5150000000000000e+03
   2.5125000000000000e+03
   2.5100000000000000e+03
   2.5075000000000000e+03
   2.5050000000000000e+03
   2.5025000000000000e+03
   2.5000000000000000e+03
   2.4975000000000000e+03
   2.4950000000000000e+03
   2.4925000000000000e+03
   2.4900000000000000e+03
   2.4875000000000000e+03
   2.4850000000000000e+03
   2.4825000000000000e+03
   2.4800000000000000e+03
   2.4775000000000000e+03
   2.4750000000000000e+03
   2.4725000000000000e+03
   2.4700000000000000e+03
   2.4675000000000000e+03
   2.4650000000000000e+03
   2.4625000000000000e+03
   2.4600000000000000e+03
   2.4575000000000000e+03
   2.4550000000000000e+03
   2.4525000000000000e+03
   2.4500000000000000e+03
   2.4475000000000000e+03
   2.4450000000000000e+03
   2.4425000000000000e+03
   2.4400000000000000e+03
   2.4375000000000000e+03
   2.4350000000000000e+03
   2.4325000000000000e+03
   2.4300000000000000e+03
   2.4275000000000000e+03
   2.4250000000000000e+03
   2.4225000000000000e+03
   2.4200000000000000e+03
   2.4175000000000000e+03
   2.4150000000000000e+03
   2.4125000000000000e+03
   2.4100000000000000e+03
   2.4075000000000000e+03
   2.4050000000000000e+03
   2.4025000000000000e+03
   2.4000000000000000e+03
   2.3975000000000000e+03
   2.3950000000000000e+03
   2.3925000000000000e+03
   2.3900000000000000e+03
   2.3875000000000000e+03
   2.3850000000000000e+03
   2.3825000000000000e+03
   2.3800000000000000e+03
   2.3775000000000000e+03
   2.3750000000000000e+03
   2.3725000000000000e+03
   2.3700000000000000e+03
   2.3675000000000000e+03
   2.3650000000000000e+03
   2.3625000000000000e+03
   2.3600000000000000e+03
   2.3575000000000000e+03
   2.3550000000000000e+03
   2.3525000000000000e+03
   2.3500000000000000e+03
   2.3475000000000000e+03
   2.3450000000000000e+03
   2.3425000000000000e+03
   2.3400000000000000e+03
   2.3375000000000000e+03
   2.3350000000000000e+03
   2.3325000000000000e+03
   2.3300000000000000e+03
   2.3275000000000000e+03
   2.3250000000000000e+03
   2.3225000000000000e+03
   2.3200000000000000e+03
   2.3175000000000000e+03
   2.3150000000000000e+03
   2.3125000000000000e+03
   2.3100000000000000e+03
   2.3075000000000000e+03
   2.3050000000000000e+03
   2.3025000000000000e+03
   2.3000000000000000e+03
   2.2975000000000000e+03
   2.2950000000000000e+03
   2.2925000000000000e+03
   2.2900000000000000e+03
   2.2875000000000000e+03
   2.2850000000000000e+03
   2.2825000000000000e+03
   2.2800000000000000e+03
   2.2775000000000000e+03
   2.2750000000000000e+03
   2.2725000000000000e+03
   2.2700000000000000e+03
   2.2675000000000000e+03
   2.2650000000000000e+03
   2.2625000000000000e+03
   2.2600000000000000e+03
   2.2575000000000000e+03
   2.2550000000000000e+03
   2.2525000000000000e+03
   2.2500000000000000e+03
   2.2475000000000000e+03
   2.2450000000000000e+03
   2.2425000000000000e+03
   2.2400000000000000e+03
   2.2375000000000000e+03
   2.2350000000000000e+03
   2.2325000000000000e+03
   2.2300000000000000e+03
   2.2275000000000000e+03
   2.2250000000000000e+03
   2.2225000000000000e+03
   2.2200000000000000e+03
   2.2175000000000000e+03
   2.2150000000000000e+03
   2.2125000000000000e+03
   2.2100000000000000e+03
   2.2075000000000000e+03
   2.2050000000000000e+03
   2.2025000000000000e+03
   2.2000000000000000e+03
   2.1975000000000000e+03
   2.1950000000000000e+03
   2.1925000000000000e+03
   2.1900000000000000e+03
   2.1875000000000000e+03
   2.1850000000000000e+03
   2.1825000000000000e+03
   2.1800000000000000e+03
   2.1775000000000000e+03
   2.1750000000000000e+03
   2.1725000000000000e+03
   2.1700000000000000e+03
   2.1675000000000000e+03
   2.1650000000000000e+03
   2.1625000000000000e+03
   2.1600000000000000e+03
   2.1575000000000000e+03
   2.1550000000000000e+03
   2.1525000000000000e+03
   2.1500000000000000e+03
   2.1475000000000000e+03
   2.1450000000000000e+03
   2.1425000000000000e+03
   2.1400000000000000e+03
   2.1375000000000000e+03
   2.1350000000000000e+03
   2.1325000000000000e+03
   2.1300000000000000e+03
   2.1275000000000000e+03
   2.1250000000000000e+03
   2.1225000000000000e+03
   2.1200000000000000e+03
   2.1175000000000000e+03
   2.1150000000000000e+03
   2.1125000000000000e+03
   2.1100000000000000e+03
   2.1075000000000000e+03
   2.1050000000000000e+03
   2.1025000000000000e+03
   2.1000000000000000e+03
   2.0975000000000000e+03
   2.0950000000000000e+03
   2.0925000000000000e+03
   2.0900000000000000e+03
   2.0875000000000000e+03
   2.0850000000000000e+03
   2.0825000000000000e+03
   2.0800000000000000e+03
   2.0775000000000000e+03
   2.0750000000000000e+03
   2.0725000000000000e+03
   2.0700000000000000e+03
   2.0675000000000000e+03
   2.0650000000000000e+03
   2.0625000000000000e+03
   2.0600000000000000e+03
   2.0575000000000000e+03
   2.0550000000000000e+03
   2.0525000000000000e+03
   2.0500000000000000e+03
   2.0475000000000000e+03
   2.0450000000000000e+03
   2.0425000000000000e+03
   2.0400000000000000e+03
   2.0375000000000000e+03
   2.0350000000000000e+03
   2.0325000000000000e+03
   2.0300000000000000e+03
   2.0275000000000000e+03
   2.0250000000000000e+03
   2.0225000000000000e+03
   2.0200000000000000e+03
   2.0175000000000000e+03
   2.0150000000000000e+03
   2.0125000000000000e+03
   2.0100000000000000e+03
   2.0075000000000000e+03
   2.0050000000000000e+03
   2.0025000000000000e+03
   2.0000000000000000e+03
   1.9975000000000000e+03
   1.9950000000000000e+03
   1.9925000000000000e+03
   1.9900000000000000e+03
   1.9875000000000000e+03
   1.9850000000000000e+03
   1.9825000000000000e+03
   1.9800000000000000e+03
   1.9775000000000000e+03
   1.9750000000000000e+03
   1.9725000000000000e+03
   1.9700000000000000e+03
   1.9675000000000000e+03
   1.9650000000000000e+03
   1.9625000000000000e+03
   1.9600000000000000e+03
   1.9575000000000000e+03
   1.9550000000000000e+03
   1.9525000000000000e+03
   1.9500000000000000e+03
   1.9475000000000000e+03
   1.9450000000000000e+03
   1.9425000000000000e+03
   1.9400000000000000e+03
   1.9375000000000000e+03
   1.9350000000000000e+03
   1.9325000000000000e+03
   1.9300000000000000e+03
   1.9275000000000000e+03
   1.9250000000000000e+03
   1.9225000000000000e+03
   1.9200000000000000e+03
   1.9175000000000000e+03
   1.9150000000000000e+03
   1.9125000000000000e+03
   1.9100000000000000e+03
   1.9075000000000000e+03
   1.9050000000000000e+03
   1.9025000000000000e+03
   1.9000000000000000e+03
   1.8975000000000000e+03
   1.8950000000000000e+03
   1.8925000000000000e+03
   1.8900000000000000e+03
   1.8875000000000000e+03
   1.8850000000000000e+03
   1.8825000000000000e+03
   1.8800000000000000e+03
   1.8775000000000000e+03
   1.8750000000000000e+03
   1.8725000000000000e+03
   1.8700000000000000e+03
   1.8675000000000000e+03
   1.8650000000000000e+03
   1.8625000000000000e+03
   1.8600000000000000e+03
   1.8575000000000000e+03
   1.8550000000000000e+03
   1.8525000000000000e+03
   1.8500000000000000e+03
   1.8475000000000000e+03
   1.8450000000000000e+03
   1.8425000000000000e+03
   1.8400000000000000e+03
   1.8375000000000000e+03
   1.8350000000000000e+03
   1.8325000000000000e+03
   1.8300000000000000e+03
   1.8275000000000000e+03
   1.8250000000000000e+03
   1.8225000000000000e+03
   1.8200000000000000e+03
   1.8175000000000000e+03
   1.8150000000000000e+03
   1.8125000000000000e+03
   1.8100000000000000e+03
   1.8075000000000000e+03
   1.8050000000000000e+03
   1.8025000000000000e+03
   1.8000000000000000e+03
   1.7975000000000000e+03
   1.7950000000000000e+03
   1.7925000000000000e+03
   1.7900000000000000e+03
   1.7875000000000000e+03
   1.7850000000000000e+03
   1.7825000000000000e+03
   1.7800000000000000e+03
   1.7775000000000000e+03
   1.7750000000000000e+03
   1.7725000000000000e+03
   1.7700000000000000e+03
   1.7675000000000000e+03
   1.7650000000000000e+03
   1.7625000000000000e+03
   1.7600000000000000e+03
   1.7575000000000000e+03
   1.7550000000000000e+03
   1.7525000000000000e+03
   1.7500000000000000e+03
   1.7475000000000000e+03
   1.7450000000000000e+03
   1.7425000000000000e+03
   1.7400000000000000e+03
   1.7375000000000000e+03
   1.7350000000000000e+03
   1.7325000000000000e+03
   1.7300000000000000e+03
   1.7275000000000000e+03
   1.7250000000000000e+03
   1.7225000000000000e+03
   1.7200000000000000e+03
   1.7175000000000000e+03
   1.7150000000000000e+03
   1.7125000000000000e+03
   1.7100000000000000e+03
   1.7075000000000000e+03
   1.7050000000000000e+03
   1.7025000000000000e+03
   1.7000000000000000e+03
   1.6975000000000000e+03
   1.6950000000000000e+03
   1.6925000000000000e+03
   1.6900000000000000e+03
   1.6875000000000000e+03
   1.6850000000000000e+03
   1.6825000000000000e+03
   1.6800000000000000e+03
   1.6775000000000000e+03
   1.6750000000000000e+03
   1.6725000000000000e+03
   1.6700000000000000e+03
   1.6675000000000000e+03
   1.6650000000000000e+03
   1.6625000000000000e+03
   1.6600000000000000e+03
   1.6575000000000000e+03
   1.6550000000000000e+03
   1.6525000000000000e+03
   1.6500000000000000e+03
   1.6475000000000000e+03
   1.6450000000000000e+03
   1.6425000000000000e+03
   1.6400000000000000e+03
   1.6375000000000000e+03
   1.6350000000000000e+03
   1.6325000000000000e+03
   1.6300000000000000e+03
   1.6275000000000000e+03
   1.6250000000000000e+03
   1.6225000000000000e+03
   1.6200000000000000e+03
   1.6175000000000000e+03
   1.6150000000000000e+03
   1.6125000000000000e+03
   1.6100000000000000e+03
   1.6075000000000000e+03
   1.6050000000000000e+03
   1.6025000000000000e+03
   1.6000000000000000e+03
   1.5975000000000000e+03
   1.5950000000000000e+03
   1.5925000000000000e+03
   1.5900000000000000e+03
   1.5875000000000000e+03
   1.5850000000000000e+03
   1.5825000000000000e+03
   1.5800000000000000e+03
   1.5775000000000000e+03
   1.5750000000000000e+03
   1.5725000000000000e+03
   1.5700000000000000e+03
   1.5675000000000000e+03
   1.5650000000000000e+03
   1.5625000000000000e+03
   1.5600000000000000e+03
   1.5575000000000000e+03
   1.5550000000000000e+03
   1.5525000000000000e+03
   1.5500000000000000e+03
   1.5475000000000000e+03
   1.5450000000000000e+03
   1.5425000000000000e+03
   1.5400000000000000e+03
   1.5375000000000000e+03
   1.5350000000000000e+03
   1.5325000000000000e+03
   1.5300000000000000e+03
   1.5275000000000000e+03
   1.5250000000000000e+03
   1.5225000000000000e+03
   1.5200000000000000e+03
   1.5175000000000000e+03
   1.5150000000000000e+03
   1.5125000000000000e+03
   1.5100000000000000e+03
   1.5075000000000000e+03
   1.5050000000000000e+03
   1.5025000000000000e+03
   1.5000000000000000e+03
   1.4980000000000000e+03
   1.4960000000000000e+03
   1.4940000000000000e+03
   1.4920000000000000e+03
   1.4900000000000000e+03
   1.4880000000000000e+03
   1.4860000000000000e+03
   1.4840000000000000e+03
   1.4820000000000000e+03
   1.4800000000000000e+03
   1.4780000000000000e+03
   1.4760000000000000e+03
   1.4740000000000000e+03
   1.4720000000000000e+03
   1.4700000000000000e+03
   1.4680000000000000e+03
   1.4660000000000000e+03
   1.4640000000000000e+03
   1.4620000000000000e+03
   1.4600000000000000e+03
   1.4580000000000000e+03
   1.4560000000000000e+03
   1.4540000000000000e+03
   1.4520000000000000e+03
   1.4500000000000000e+03
   1.4480000000000000e+03
   1.4460000000000000e+03
   1.4440000000000000e+03
   1.4420000000000000e+03
   1.4400000000000000e+03
   1.4380000000000000e+03
   1.4360000000000000e+03
   1.4340000000000000e+03
   1.4320000000000000e+03
   1.4300000000000000e+03
   1.4280000000000000e+03
   1.4260000000000000e+03
   1.4240000000000000e+03
   1.4220000000000000e+03
   1.4200000000000000e+03
   1.4180000000000000e+03
   1.4160000000000000e+03
   1.4140000000000000e+03
   1.4120000000000000e+03
   1.4100000000000000e+03
   1.4080000000000000e+03
   1.4060000000000000e+03
   1.4040000000000000e+03
   1.4020000000000000e+03
   1.4000000000000000e+03
   1.3980000000000000e+03
   1.3960000000000000e+03
   1.3940000000000000e+03
   1.3920000000000000e+03
   1.3900000000000000e+03
   1.3880000000000000e+03
   1.3860000000000000e+03
   1.3840000000000000e+03
   1.3820000000000000e+03
   1.3800000000000000e+03
   1.3780000000000000e+03
   1.3760000000000000e+03
   1.3740000000000000e+03
   1.3720000000000000e+03
   1.3700000000000000e+03
   1.3680000000000000e+03
   1.3660000000000000e+03
   1.3640000000000000e+03
   1.3620000000000000e+03
   1.3600000000000000e+03
   1.3580000000000000e+03
   1.3560000000000000e+03
   1.3540000000000000e+03
   1.3520000000000000e+03
   1.3500000000000000e+03
   1.3480000000000000e+03
   1.3460000000000000e+03
   1.3440000000000000e+03
   1.3420000000000000e+03
   1.3400000000000000e+03
   1.3380000000000000e+03
   1.3360000000000000e+03
   1.3340000000000000e+03
   1.3320000000000000e+03
   1.3300000000000000e+03
   1.3280000000000000e+03
   1.3260000000000000e+03
   1.3240000000000000e+03
   1.3220000000000000e+03
   1.3200000000000000e+03
   1.3180000000000000e+03
   1.3160000000000000e+03
   1.3140000000000000e+03
   1.3120000000000000e+03
   1.3100000000000000e+03
   1.3080000000000000e+03
   1.3060000000000000e+03
   1.3040000000000000e+03
   1.3020000000000000e+03
   1.3000000000000000e+03
   1.2980000000000000e+03
   1.2960000000000000e+03
   1.2940000000000000e+03
   1.2920000000000000e+03
   1.2900000000000000e+03
   1.2880000000000000e+03
   1.2860000000000000e+03
   1.2840000000000000e+03
   1.2820000000000000e+03
   1.2800000000000000e+03
   1.2780000000000000e+03
   1.2760000000000000e+03
   1.2740000000000000e+03
   1.2720000000000000e+03
   1.2700000000000000e+03
   1.2680000000000000e+03
   1.2660000000000000e+03
   1.2640000000000000e+03
   1.2620000000000000e+03
   1.2600000000000000e+03
   1.2580000000000000e+03
   1.2560000000000000e+03
   1.2540000000000000e+03
   1.2520000000000000e+03
   1.2500000000000000e+03
   1.2480000000000000e+03
   1.2460000000000000e+03
   1.2440000000000000e+03
   1.2420000000000000e+03
   1.2400000000000000e+03
   1.2380000000000000e+03
   1.2360000000000000e+03
   1.2340000000000000e+03
   1.2320000000000000e+03
   1.2300000000000000e+03
   1.2280000000000000e+03
   1.2260000000000000e+03
   1.2240000000000000e+03
   1.2220000000000000e+03
   1.2200000000000000e+03
   1.2180000000000000e+03
   1.2160000000000000e+03
   1.2140000000000000e+03
   1.2120000000000000e+03
   1.2100000000000000e+03
   1.2080000000000000e+03
   1.2060000000000000e+03
   1.2040000000000000e+03
   1.2020000000000000e+03
   1.2000000000000000e+03
   1.1980000000000000e+03
   1.1960000000000000e+03
   1.1940000000000000e+03
   1.1920000000000000e+03
   1.1900000000000000e+03
   1.1880000000000000e+03
   1.1860000000000000e+03
   1.1840000000000000e+03
   1.1820000000000000e+03
   1.1800000000000000e+03
   1.1780000000000000e+03
   1.1760000000000000e+03
   1.1740000000000000e+03
   1.1720000000000000e+03
   1.1700000000000000e+03
   1.1680000000000000e+03
   1.1660000000000000e+03
   1.1640000000000000e+03
   1.1620000000000000e+03
   1.1600000000000000e+03
   1.1580000000000000e+03
   1.1560000000000000e+03
   1.1540000000000000e+03
   1.1520000000000000e+03
   1.1500000000000000e+03
   1.1480000000000000e+03
   1.1460000000000000e+03
   1.1440000000000000e+03
   1.1420000000000000e+03
   1.1400000000000000e+03
   1.1380000000000000e+03
   1.1360000000000000e+03
   1.1340000000000000e+03
   1.1320000000000000e+03
   1.1300000000000000e+03
   1.1280000000000000e+03
   1.1260000000000000e+03
   1.1240000000000000e+03
   1.1220000000000000e+03
   1.1200000000000000e+03
   1.1180000000000000e+03
   1.1160000000000000e+03
   1.1140000000000000e+03
   1.1120000000000000e+03
   1.1100000000000000e+03
   1.1080000000000000e+03
   1.1060000000000000e+03
   1.1040000000000000e+03
   1.1020000000000000e+03
   1.1000000000000000e+03
   1.0980000000000000e+03
   1.0960000000000000e+03
   1.0940000000000000e+03
   1.0920000000000000e+03
   1.0900000000000000e+03
   1.0880000000000000e+03
   1.0860000000000000e+03
   1.0840000000000000e+03
   1.0820000000000000e+03
   1.0800000000000000e+03
   1.0780000000000000e+03
   1.0760000000000000e+03
   1.0740000000000000e+03
   1.0720000000000000e+03
   1.0700000000000000e+03
   1.0680000000000000e+03
   1.0660000000000000e+03
   1.0640000000000000e+03
   1.0620000000000000e+03
   1.0600000000000000e+03
   1.0580000000000000e+03
   1.0560000000000000e+03
   1.0540000000000000e+03
   1.0520000000000000e+03
   1.0500000000000000e+03
   1.0480000000000000e+03
   1.0460000000000000e+03
   1.0440000000000000e+03
   1.0420000000000000e+03
   1.0400000000000000e+03
   1.0380000000000000e+03
   1.0360000000000000e+03
   1.0340000000000000e+03
   1.0320000000000000e+03
   1.0300000000000000e+03
   1.0280000000000000e+03
   1.0260000000000000e+03
   1.0240000000000000e+03
   1.0220000000000000e+03
   1.0200000000000000e+03
   1.0180000000000000e+03
   1.0160000000000000e+03
   1.0140000000000000e+03
   1.0120000000000000e+03
   1.0100000000000000e+03
   1.0080000000000000e+03
   1.0060000000000000e+03
   1.0040000000000000e+03
   1.0020000000000000e+03
   1.0000000000000000e+03
   9.9800000000000000e+02
   9.9600000000000000e+02
   9.9400000000000000e+02
   9.9200000000000000e+02
   9.9000000000000000e+02
   9.8800000000000000e+02
   9.8600000000000000e+02
   9.8400000000000000e+02
   9.8200000000000000e+02
   9.8000000000000000e+02
   9.7800000000000000e+02
   9.7600000000000000e+02
   9.7400000000000000e+02
   9.7200000000000000e+02
   9.7000000000000000e+02
   9.6800000000000000e+02
   9.6600000000000000e+02
   9.6400000000000000e+02
   9.6200000000000000e+02
   9.6000000000000000e+02
   9.5800000000000000e+02
   9.5600000000000000e+02
   9.5400000000000000e+02
   9.5200000000000000e+02
   9.5000000000000000e+02
   9.4800000000000000e+02
   9.4600000000000000e+02
   9.4400000000000000e+02
   9.4200000000000000e+02
   9.4000000000000000e+02
   9.3800000000000000e+02
   9.3600000000000000e+02
   9.3400000000000000e+02
   9.3200000000000000e+02
   9.3000000000000000e+02
   9.2800000000000000e+02
   9.2600000000000000e+02
   9.2400000000000000e+02
   9.2200000000000000e+02
   9.2000000000000000e+02
   9.1800000000000000e+02
   9.1600000000000000e+02
   9.1400000000000000e+02
   9.1200000000000000e+02
   9.1000000000000000e+02
   9.0800000000000000e+02
   9.0600000000000000e+02
   9.0400000000000000e+02
   9.0200000000000000e+02
   9.0000000000000000e+02
   8.9800000000000000e+02
   8.9600000000000000e+02
   8.9400000000000000e+02
   8.9200000000000000e+02
   8.9000000000000000e+02
   8.8800000000000000e+02
   8.8600000000000000e+02
   8.8400000000000000e+02
   8.8200000000000000e+02
   8.8000000000000000e+02
   8.7800000000000000e+02
   8.7600000000000000e+02
   8.7400000000000000e+02
   8.7200000000000000e+02
   8.7000000000000000e+02
   8.6800000000000000e+02
   8.6600000000000000e+02
   8.6400000000000000e+02
   8.6200000000000000e+02
   8.6000000000000000e+02
   8.5800000000000000e+02
   8.5600000000000000e+02
   8.5400000000000000e+02
   8.5200000000000000e+02
   8.5000000000000000e+02
   8.4800000000000000e+02
   8.4600000000000000e+02
   8.4400000000000000e+02
   8.4200000000000000e+02
   8.4000000000000000e+02
   8.3800000000000000e+02
   8.3600000000000000e+02
   8.3400000000000000e+02
   8.3200000000000000e+02
   8.3000000000000000e+02
   8.2800000000000000e+02
   8.2600000000000000e+02
   8.2400000000000000e+02
   8.2200000000000000e+02
   8.2000000000000000e+02
   8.1800000000000000e+02
   8.1600000000000000e+02
   8.1400000000000000e+02
   8.1200000000000000e+02
   8.1000000000000000e+02
   8.0800000000000000e+02
   8.0600000000000000e+02
   8.0400000000000000e+02
   8.0200000000000000e+02
   8.0000000000000000e+02
   7.9800000000000000e+02
   7.9600000000000000e+02
   7.9400000000000000e+02
   7.9200000000000000e+02
   7.9000000000000000e+02
   7.8800000000000000e+02
   7.8600000000000000e+02
   7.8400000000000000e+02
   7.8200000000000000e+02
   7.8000000000000000e+02
   7.7800000000000000e+02
   7.7600000000000000e+02
   7.7400000000000000e+02
   7.7200000000000000e+02
   7.7000000000000000e+02
   7.6800000000000000e+02
   7.6600000000000000e+02
   7.6400000000000000e+02
   7.6200000000000000e+02
   7.6000000000000000e+02
   7.5800000000000000e+02
   7.5600000000000000e+02
   7.5400000000000000e+02
   7.5200000000000000e+02
   7.5000000000000000e+02
   7.4800000000000000e+02
   7.4600000000000000e+02
   7.4400000000000000e+02
   7.4200000000000000e+02
   7.4000000000000000e+02
   7.3800000000000000e+02
   7.3600000000000000e+02
   7.3400000000000000e+02
   7.3200000000000000e+02
   7.3000000000000000e+02
   7.2800000000000000e+02
   7.2600000000000000e+02
   7.2400000000000000e+02
   7.2200000000000000e+02
   7.2000000000000000e+02
   7.1800000000000000e+02
   7.1600000000000000e+02
   7.1400000000000000e+02
   7.1200000000000000e+02
   7.1000000000000000e+02
   7.0800000000000000e+02
   7.0600000000000000e+02
   7.0400000000000000e+02
   7.0200000000000000e+02
   7.0000000000000000e+02
   6.9800000000000000e+02
   6.9600000000000000e+02
   6.9400000000000000e+02
   6.9200000000000000e+02
   6.9000000000000000e+02
   6.8800000000000000e+02
   6.8600000000000000e+02
   6.8400000000000000e+02
   6.8200000000000000e+02
   6.8000000000000000e+02
   6.7800000000000000e+02
   6.7600000000000000e+02
   6.7400000000000000e+02
   6.7200000000000000e+02
   6.7000000000000000e+02
   6.6800000000000000e+02
   6.6600000000000000e+02
   6.6400000000000000e+02
   6.6200000000000000e+02
   6.6000000000000000e+02
   6.5800000000000000e+02
   6.5600000000000000e+02
   6.5400000000000000e+02
   6.5200000000000000e+02
   6.5000000000000000e+02
   6.4800000000000000e+02
   6.4600000000000000e+02
   6.4400000000000000e+02
   6.4200000000000000e+02
   6.4000000000000000e+02
   6.3800000000000000e+02
   6.3600000000000000e+02
   6.3400000000000000e+02
   6.3200000000000000e+02
   6.3000000000000000e+02
   6.2800000000000000e+02
   6.2600000000000000e+02
   6.2400000000000000e+02
   6.2200000000000000e+02
   6.2000000000000000e+02
   6.1800000000000000e+02
   6.1600000000000000e+02
   6.1400000000000000e+02
   6.1200000000000000e+02
   6.1000000000000000e+02
   6.0800000000000000e+02
   6.0600000000000000e+02
   6.0400000000000000e+02
   6.0200000000000000e+02
   6.0000000000000000e+02
   5.9900000000000000e+02
   5.9800000000000000e+02
   5.9700000000000000e+02
   5.9600000000000000e+02
   5.9500000000000000e+02
   5.9400000000000000e+02
   5.9300000000000000e+02
   5.9200000000000000e+02
   5.9100000000000000e+02
   5.9000000000000000e+02
   5.8900000000000000e+02
   5.8800000000000000e+02
   5.8700000000000000e+02
   5.8600000000000000e+02
   5.8500000000000000e+02
   5.8400000000000000e+02
   5.8300000000000000e+02
   5.8200000000000000e+02
   5.8100000000000000e+02
   5.8000000000000000e+02
   5.7900000000000000e+02
   5.7800000000000000e+02
   5.7700000000000000e+02
   5.7600000000000000e+02
   5.7500000000000000e+02
   5.7400000000000000e+02
   5.7300000000000000e+02
   5.7200000000000000e+02
   5.7100000000000000e+02
   5.7000000000000000e+02
   5.6900000000000000e+02
   5.6800000000000000e+02
   5.6700000000000000e+02
   5.6600000000000000e+02
   5.6500000000000000e+02
   5.6400000000000000e+02
   5.6300000000000000e+02
   5.6200000000000000e+02
   5.6100000000000000e+02
   5.6000000000000000e+02
   5.5900000000000000e+02
   5.5800000000000000e+02
   5.5700000000000000e+02
   5.5600000000000000e+02
   5.5500000000000000e+02
   5.5400000000000000e+02
   5.5300000000000000e+02
   5.5200000000000000e+02
   5.5100000000000000e+02
   5.5000000000000000e+02
   5.4900000000000000e+02
   5.4800000000000000e+02
   5.4700000000000000e+02
   5.4600000000000000e+02
   5.4500000000000000e+02
   5.4400000000000000e+02
   5.4300000000000000e+02
   5.4200000000000000e+02
   5.4100000000000000e+02
   5.4000000000000000e+02
   5.3900000000000000e+02
   5.3800000000000000e+02
   5.3700000000000000e+02
   5.3600000000000000e+02
   5.3500000000000000e+02
   5.3400000000000000e+02
   5.3300000000000000e+02
   5.3200000000000000e+02
   5.3100000000000000e+02
   5.3000000000000000e+02
   5.2900000000000000e+02
   5.2800000000000000e+02
   5.2700000000000000e+02
   5.2600000000000000e+02
   5.2500000000000000e+02
   5.2400000000000000e+02
   5.2300000000000000e+02
   5.2200000000000000e+02
   5.2100000000000000e+02
   5.2000000000000000e+02
   5.1900000000000000e+02
   5.1800000000000000e+02
   5.1700000000000000e+02
   5.1600000000000000e+02
   5.1500000000000000e+02
   5.1400000000000000e+02
   5.1300000000000000e+02
   5.1200000000000000e+02
   5.1100000000000000e+02
   5.1000000000000000e+02
   5.0900000000000000e+02
   5.0800000000000000e+02
   5.0700000000000000e+02
   5.0600000000000000e+02
   5.0500000000000000e+02
   5.0400000000000000e+02
   5.0300000000000000e+02
   5.0200000000000000e+02
   5.0100000000000000e+02
   5.0000000000000000e+02
   4.9900000000000000e+02
   4.9800000000000000e+02
   4.9700000000000000e+02
   4.9600000000000000e+02
   4.9500000000000000e+02
   4.9400000000000000e+02
   4.9300000000000000e+02
   4.9200000000000000e+02
   4.9100000000000000e+02
   4.9000000000000000e+02
   4.8900000000000000e+02
   4.8800000000000000e+02
   4.8700000000000000e+02
   4.8600000000000000e+02
   4.8500000000000000e+02
   4.8400000000000000e+02
   4.8300000000000000e+02
   4.8200000000000000e+02
   4.8100000000000000e+02
   4.8000000000000000e+02
   4.7900000000000000e+02
   4.7800000000000000e+02
   4.7700000000000000e+02
   4.7600000000000000e+02
   4.7500000000000000e+02
   4.7400000000000000e+02
   4.7300000000000000e+02
   4.7200000000000000e+02
   4.7100000000000000e+02
   4.7000000000000000e+02
   4.6900000000000000e+02
   4.6800000000000000e+02
   4.6700000000000000e+02
   4.6600000000000000e+02
   4.6500000000000000e+02
   4.6400000000000000e+02
   4.6300000000000000e+02
   4.6200000000000000e+02
   4.6100000000000000e+02
   4.6000000000000000e+02
   4.5900000000000000e+02
   4.5800000000000000e+02
   4.5700000000000000e+02
   4.5600000000000000e+02
   4.5500000000000000e+02
   4.5400000000000000e+02
   4.5300000000000000e+02
   4.5200000000000000e+02
   4.5100000000000000e+02
   4.5000000000000000e+02
   4.4900000000000000e+02
   4.4800000000000000e+02
   4.4700000000000000e+02
   4.4600000000000000e+02
   4.4500000000000000e+02
   4.4400000000000000e+02
   4.4300000000000000e+02
   4.4200000000000000e+02
   4.4100000000000000e+02
   4.4000000000000000e+02
   4.3900000000000000e+02
   4.3800000000000000e+02
   4.3700000000000000e+02
   4.3600000000000000e+02
   4.3500000000000000e+02
   4.3400000000000000e+02
   4.3300000000000000e+02
   4.3200000000000000e+02
   4.3100000000000000e+02
   4.3000000000000000e+02
   4.2900000000000000e+02
   4.2800000000000000e+02
   4.2700000000000000e+02
   4.2600000000000000e+02
   4.2500000000000000e+02
   4.2400000000000000e+02
   4.2300000000000000e+02
   4.2200000000000000e+02
   4.2100000000000000e+02
   4.2000000000000000e+02
   4.1900000000000000e+02
   4.1800000000000000e+02
   4.1700000000000000e+02
   4.1600000000000000e+02
   4.1500000000000000e+02
   4.1400000000000000e+02
   4.1300000000000000e+02
   4.1200000000000000e+02
   4.1100000000000000e+02
   4.1000000000000000e+02
   4.0900000000000000e+02
   4.0800000000000000e+02
   4.0700000000000000e+02
   4.0600000000000000e+02
   4.0500000000000000e+02
   4.0400000000000000e+02
   4.0300000000000000e+02
   4.0200000000000000e+02
   4.0100000000000000e+02
   4.0000000000000000e+02
   3.9900000000000000e+02
   3.9800000000000000e+02
   3.9700000000000000e+02
   3.9600000000000000e+02
   3.9500000000000000e+02
   3.9400000000000000e+02
   3.9300000000000000e+02
   3.9200000000000000e+02
   3.9100000000000000e+02
   3.9000000000000000e+02
   3.8900000000000000e+02
   3.8800000000000000e+02
   3.8700000000000000e+02
   3.8600000000000000e+02
   3.8500000000000000e+02
   3.8400000000000000e+02
   3.8300000000000000e+02
   3.8200000000000000e+02
   3.8100000000000000e+02
   3.8000000000000000e+02
   3.7900000000000000e+02
   3.7800000000000000e+02
   3.7700000000000000e+02
   3.7600000000000000e+02
   3.7500000000000000e+02
   3.7400000000000000e+02
   3.7300000000000000e+02
   3.7200000000000000e+02
   3.7100000000000000e+02
   3.7000000000000000e+02
   3.6900000000000000e+02
   3.6800000000000000e+02
   3.6700000000000000e+02
   3.6600000000000000e+02
   3.6500000000000000e+02
   3.6400000000000000e+02
   3.6300000000000000e+02
   3.6200000000000000e+02
   3.6100000000000000e+02
   3.6000000000000000e+02
   3.5900000000000000e+02
   3.5800000000000000e+02
   3.5700000000000000e+02
   3.5600000000000000e+02
   3.5500000000000000e+02
   3.5400000000000000e+02
   3.5300000000000000e+02
   3.5200000000000000e+02
   3.5100000000000000e+02
   3.5000000000000000e+02
   3.4900000000000000e+02
   3.4800000000000000e+02
   3.4700000000000000e+02
   3.4600000000000000e+02
   3.4500000000000000e+02
   3.4400000000000000e+02
   3.4300000000000000e+02
   3.4200000000000000e+02
   3.4100000000000000e+02
   3.4000000000000000e+02
   3.3900000000000000e+02
   3.3800000000000000e+02
   3.3700000000000000e+02
   3.3600000000000000e+02
   3.3500000000000000e+02
   3.3400000000000000e+02
   3.3300000000000000e+02
   3.3200000000000000e+02
   3.3100000000000000e+02
   3.3000000000000000e+02
   3.2900000000000000e+02
   3.2800000000000000e+02
   3.2700000000000000e+02
   3.2600000000000000e+02
   3.2500000000000000e+02
   3.2400000000000000e+02
   3.2300000000000000e+02
   3.2200000000000000e+02
   3.2100000000000000e+02
   3.2000000000000000e+02
   3.1900000000000000e+02
   3.1800000000000000e+02
   3.1700000000000000e+02
   3.1600000000000000e+02
   3.1500000000000000e+02
   3.1400000000000000e+02
   3.1300000000000000e+02
   3.1200000000000000e+02
   3.1100000000000000e+02
   3.1000000000000000e+02
   3.0900000000000000e+02
   3.0800000000000000e+02
   3.0700000000000000e+02
   3.0600000000000000e+02
   3.0500000000000000e+02
   3.0400000000000000e+02
   3.0300000000000000e+02
   3.0200000000000000e+02
   3.0100000000000000e+02
   3.0000000000000000e+02
   2.9900000000000000e+02
   2.9800000000000000e+02
   2.9700000000000000e+02
   2.9600000000000000e+02
   2.9500000000000000e+02
   2.9400000000000000e+02
   2.9300000000000000e+02
   2.9200000000000000e+02
   2.9100000000000000e+02
   2.9000000000000000e+02
   2.8900000000000000e+02
   2.8800000000000000e+02
   2.8700000000000000e+02
   2.8600000000000000e+02
   2.8500000000000000e+02
   2.8400000000000000e+02
   2.8300000000000000e+02
   2.8200000000000000e+02
   2.8100000000000000e+02
   2.8000000000000000e+02
   2.7900000000000000e+02
   2.7800000000000000e+02
   2.7700000000000000e+02
   2.7600000000000000e+02
   2.7500000000000000e+02
   2.7400000000000000e+02
   2.7300000000000000e+02
   2.7200000000000000e+02
   2.7100000000000000e+02
   2.7000000000000000e+02
   2.6900000000000000e+02
   2.6800000000000000e+02
   2.6700000000000000e+02
   2.6600000000000000e+02
   2.6500000000000000e+02
   2.6400000000000000e+02
   2.6300000000000000e+02
   2.6200000000000000e+02
   2.6100000000000000e+02
   2.6000000000000000e+02
   2.5900000000000000e+02
   2.5800000000000000e+02
   2.5700000000000000e+02
   2.5600000000000000e+02
   2.5500000000000000e+02
   2.5400000000000000e+02
   2.5300000000000000e+02
   2.5200000000000000e+02
   2.5100000000000000e+02
   2.5000000000000000e+02
   2.4900000000000000e+02
   2.4800000000000000e+02
   2.4700000000000000e+02
   2.4600000000000000e+02
   2.4500000000000000e+02
   2.4400000000000000e+02
   2.4300000000000000e+02
   2.4200000000000000e+02
   2.4100000000000000e+02
   2.4000000000000000e+02
   2.3900000000000000e+02
   2.3800000000000000e+02
   2.3700000000000000e+02
   2.3600000000000000e+02
   2.3500000000000000e+02
   2.3400000000000000e+02
   2.3300000000000000e+02
   2.3200000000000000e+02
   2.3100000000000000e+02
   2.3000000000000000e+02
   2.2900000000000000e+02
   2.2800000000000000e+02
   2.2700000000000000e+02
   2.2600000000000000e+02
   2.2500000000000000e+02
   2.2400000000000000e+02
   2.2300000000000000e+02
   2.2200000000000000e+02
   2.2100000000000000e+02
   2.2000000000000000e+02
   2.1900000000000000e+02
   2.1800000000000000e+02
   2.1700000000000000e+02
   2.1600000000000000e+02
   2.1500000000000000e+02
   2.1400000000000000e+02
   2.1300000000000000e+02
   2.1200000000000000e+02
   2.1100000000000000e+02
   2.1000000000000000e+02
   2.0900000000000000e+02
   2.0800000000000000e+02
   2.0700000000000000e+02
   2.0600000000000000e+02
   2.0500000000000000e+02
   2.0400000000000000e+02
   2.0300000000000000e+02
   2.0200000000000000e+02
   2.0100000000000000e+02
   2.0000000000000000e+02
   1.9900000000000000e+02
   1.9800000000000000e+02
   1.9700000000000000e+02
   1.9600000000000000e+02
   1.9500000000000000e+02
   1.9400000000000000e+02
   1.9300000000000000e+02
   1.9200000000000000e+02
   1.9100000000000000e+02
   1.9000000000000000e+02
   1.8900000000000000e+02
   1.8800000000000000e+02
   1.8700000000000000e+02
   1.8600000000000000e+02
   1.8500000000000000e+02
   1.8400000000000000e+02
   1.8300000000000000e+02
   1.8200000000000000e+02
   1.8100000000000000e+02
   1.8000000000000000e+02
   1.7900000000000000e+02
   1.7800000000000000e+02
   1.7700000000000000e+02
   1.7600000000000000e+02
   1.7500000000000000e+02
   1.7400000000000000e+02
   1.7300000000000000e+02
   1.7200000000000000e+02
   1.7100000000000000e+02
   1.7000000000000000e+02
   1.6900000000000000e+02
   1.6800000000000000e+02
   1.6700000000000000e+02
   1.6600000000000000e+02
   1.6500000000000000e+02
   1.6400000000000000e+02
   1.6300000000000000e+02
   1.6200000000000000e+02
   1.6100000000000000e+02
   1.6000000000000000e+02
   1.5900000000000000e+02
   1.5800000000000000e+02
   1.5700000000000000e+02
   1.5600000000000000e+02
   1.5500000000000000e+02
   1.5400000000000000e+02
   1.5300000000000000e+02
   1.5200000000000000e+02
   1.5100000000000000e+02
   1.5000000000000000e+02
   1.4900000000000000e+02
   1.4800000000000000e+02
   1.4700000000000000e+02
   1.4600000000000000e+02
   1.4500000000000000e+02
   1.4400000000000000e+02
   1.4300000000000000e+02
   1.4200000000000000e+02
   1.4100000000000000e+02
   1.4000000000000000e+02
   1.3900000000000000e+02
   1.3800000000000000e+02
   1.3700000000000000e+02
   1.3600000000000000e+02
   1.3500000000000000e+02
   1.3400000000000000e+02
   1.3300000000000000e+02
   1.3200000000000000e+02
   1.3100000000000000e+02
   1.3000000000000000e+02
   1.2900000000000000e+02
   1.2800000000000000e+02
   1.2700000000000000e+02
   1.2600000000000000e+02
   1.2500000000000000e+02
   1.2400000000000000e+02
   1.2300000000000000e+02
   1.2200000000000000e+02
   1.2100000000000000e+02
   1.2000000000000000e+02
   1.1900000000000000e+02
   1.1800000000000000e+02
   1.1700000000000000e+02
   1.1600000000000000e+02
   1.1500000000000000e+02
   1.1400000000000000e+02
   1.1300000000000000e+02
   1.1200000000000000e+02
   1.1100000000000000e+02
   1.1000000000000000e+02
   1.0900000000000000e+02
   1.0800000000000000e+02
   1.0700000000000000e+02
   1.0600000000000000e+02
   1.0500000000000000e+02
   1.0400000000000000e+02
   1.0300000000000000e+02
   1.0200000000000000e+02
   1.0100000000000000e+02
   1.0000000000000000e+02
   9.9000000000000000e+01
   9.8000000000000000e+01
   9.7000000000000000e+01
   9.6000000000000000e+01
   9.5000000000000000e+01
   9.4000000000000000e+01
   9.3000000000000000e+01
   9.2000000000000000e+01
   9.1000000000000000e+01
   9.0000000000000000e+01
   8.9000000000000000e+01
   8.8000000000000000e+01
   8.7000000000000000e+01
   8.6000000000000000e+01
   8.5000000000000000e+01
   8.4000000000000000e+01
   8.3000000000000000e+01
   8.2000000000000000e+01
   8.1000000000000000e+01
   8.0000000000000000e+01
   7.9000000000000000e+01
   7.8000000000000000e+01
   7.7000000000000000e+01
   7.6000000000000000e+01
   7.5000000000000000e+01
   7.4000000000000000e+01
   7.3000000000000000e+01
   7.2000000000000000e+01
   7.1000000000000000e+01
   7.0000000000000000e+01
   6.9000000000000000e+01
   6.8000000000000000e+01
   6.7000000000000000e+01
   6.6000000000000000e+01
   6.5000000000000000e+01
   6.4000000000000000e+01
   6.3000000000000000e+01
   6.2000000000000000e+01
   6.1000000000000000e+01
   6.0000000000000000e+01
   5.9000000000000000e+01
   5.8000000000000000e+01
   5.7000000000000000e+01
   5.6000000000000000e+01
   5.5000000000000000e+01
   5.4000000000000000e+01
   5.3000000000000000e+01
   5.2000000000000000e+01
   5.1000000000000000e+01
   5.0000000000000000e+01
   4.9000000000000000e+01
   4.8000000000000000e+01
   4.7000000000000000e+01
   4.6000000000000000e+01
   4.5000000000000000e+01
   4.4000000000000000e+01
   4.3000000000000000e+01
   4.2000000000000000e+01
   4.1000000000000000e+01
   4.0000000000000000e+01
   3.9000000000000000e+01
   3.8000000000000000e+01
   3.7000000000000000e+01
   3.6000000000000000e+01
   3.5000000000000000e+01
   3.4000000000000000e+01
   3.3000000000000000e+01
   3.2000000000000000e+01
   3.1000000000000000e+01
   3.0000000000000000e+01
   2.9000000000000000e+01
   2.8000000000000000e+01
   2.7000000000000000e+01
   2.6000000000000000e+01
   2.5000000000000000e+01
   2.4000000000000000e+01
   2.3000000000000000e+01
   2.2000000000000000e+01
   2.1000000000000000e+01
   2.0000000000000000e+01
   1.9000000000000000e+01
   1.8000000000000000e+01
   1.7000000000000000e+01
   1.6000000000000000e+01
   1.5000000000000000e+01
   1.4000000000000000e+01
   1.3000000000000000e+01
   1.2000000000000000e+01
   1.1000000000000000e+01
   1.0000000000000000e+01
   9.0000000000000000e+00
   8.0000000000000000e+00
   7.0000000000000000e+00
   6.0000000000000000e+00
   5.0000000000000000e+00
   4.0000000000000000e+00
   3.0000000000000000e+00
   2.0000000000000000e+00
   1.0000000000000000e+00
   0.0000000000000000e+00
