   2.9100000000000001e+00
   2.8399999999999999e+00
   2.7900000000000000e+00
   2.7900000000000000e+00
   2.9100000000000001e+00
   2.9700000000000002e+00
   2.9199999999999999e+00
   2.7999999999999998e+00
   2.8900000000000001e+00
   2.8900000000000001e+00
   2.7999999999999998e+00
   2.9800000000000000e+00
   3.0099999999999998e+00
   3.0899999999999999e+00
   3.0600000000000001e+00
   2.9700000000000002e+00
   2.9199999999999999e+00
   2.7700000000000000e+00
   2.9800000000000000e+00
   2.9300000000000002e+00
   2.8399999999999999e+00
   2.8700000000000001e+00
   2.9600000000000000e+00
   3.0000000000000000e+00
   2.8599999999999999e+00
   2.8199999999999998e+00
   3.0000000000000000e+00
   3.0200000000000000e+00
   3.1099999999999999e+00
   3.2100000000000000e+00
   3.0200000000000000e+00
   2.9500000000000002e+00
   2.8199999999999998e+00
   2.9100000000000001e+00
   2.8900000000000001e+00
   2.8999999999999999e+00
   2.9399999999999999e+00
   2.6499999999999999e+00
   2.6800000000000002e+00
   2.7200000000000002e+00
   2.7999999999999998e+00
   2.8599999999999999e+00
   2.9199999999999999e+00
   3.0400000000000000e+00
   3.0000000000000000e+00
   2.8799999999999999e+00
   2.6600000000000001e+00
   2.8100000000000001e+00
   2.7799999999999998e+00
   2.6899999999999999e+00
   2.9300000000000002e+00
   2.8999999999999999e+00
   2.8500000000000001e+00
   3.0600000000000001e+00
   3.0400000000000000e+00
   3.1699999999999999e+00
   3.0600000000000001e+00
   2.7900000000000000e+00
   2.7700000000000000e+00
   2.7400000000000002e+00
   2.7400000000000002e+00
   2.8700000000000001e+00
   2.9399999999999999e+00
   2.9500000000000002e+00
   2.7900000000000000e+00
   2.8500000000000001e+00
   2.7400000000000002e+00
   2.9500000000000002e+00
   3.1699999999999999e+00
   2.9399999999999999e+00
   2.9300000000000002e+00
   2.9100000000000001e+00
   2.8599999999999999e+00
   2.8399999999999999e+00
   3.0499999999999998e+00
   3.0299999999999998e+00
   3.0699999999999998e+00
   3.0299999999999998e+00
   2.9100000000000001e+00
   2.7700000000000000e+00
   2.9600000000000000e+00
   2.8500000000000001e+00
   2.8500000000000001e+00
   3.0299999999999998e+00
   3.1499999999999999e+00
   3.2999999999999998e+00
   3.2700000000000000e+00
   3.1800000000000002e+00
   2.9100000000000001e+00
   2.8599999999999999e+00
   2.8799999999999999e+00
   2.9800000000000000e+00
   3.0600000000000001e+00
   3.0800000000000001e+00
   3.2999999999999998e+00
   3.2400000000000002e+00
   3.0400000000000000e+00
   2.9600000000000000e+00
   2.8500000000000001e+00
   2.8300000000000001e+00
   3.0299999999999998e+00
   3.1499999999999999e+00
   3.1499999999999999e+00
   2.9900000000000002e+00
   2.9900000000000002e+00
   2.9600000000000000e+00
   2.9300000000000002e+00
   2.9900000000000002e+00
   3.0000000000000000e+00
   3.1699999999999999e+00
   3.2000000000000002e+00
   3.0000000000000000e+00
   2.9199999999999999e+00
   2.8599999999999999e+00
   3.0400000000000000e+00
   2.9600000000000000e+00
   2.9100000000000001e+00
   3.0899999999999999e+00
   3.1400000000000001e+00
   3.1299999999999999e+00
   2.9500000000000002e+00
   3.0299999999999998e+00
   2.9199999999999999e+00
   2.9700000000000002e+00
   3.1299999999999999e+00
   3.0800000000000001e+00
   3.1699999999999999e+00
   3.0600000000000001e+00
   2.8599999999999999e+00
   2.9199999999999999e+00
   2.8599999999999999e+00
   2.9700000000000002e+00
   2.8799999999999999e+00
   3.1299999999999999e+00
   3.0899999999999999e+00
   2.9300000000000002e+00
   2.9500000000000002e+00
   2.9500000000000002e+00
   3.0200000000000000e+00
   3.0099999999999998e+00
   3.0400000000000000e+00
   3.0499999999999998e+00
   3.1400000000000001e+00
   3.0899999999999999e+00
   2.9800000000000000e+00
   3.0000000000000000e+00
   3.0000000000000000e+00
   3.1000000000000001e+00
   3.1099999999999999e+00
   3.1600000000000001e+00
   2.9800000000000000e+00
   2.9300000000000002e+00
   3.0200000000000000e+00
   2.8999999999999999e+00
   2.8799999999999999e+00
   2.8100000000000001e+00
   2.8700000000000001e+00
   3.0899999999999999e+00
   3.0400000000000000e+00
   3.0099999999999998e+00
   2.7900000000000000e+00
   2.9900000000000002e+00
   2.9300000000000002e+00
   3.0699999999999998e+00
   3.1200000000000001e+00
   3.1000000000000001e+00
   3.1000000000000001e+00
   2.9199999999999999e+00
   2.9500000000000002e+00
   2.8599999999999999e+00
   2.8700000000000001e+00
   2.8500000000000001e+00
   2.8500000000000001e+00
   2.9500000000000002e+00
   3.0299999999999998e+00
   2.8999999999999999e+00
   2.8799999999999999e+00
   2.9199999999999999e+00
   2.8799999999999999e+00
   2.9399999999999999e+00
   2.9700000000000002e+00
   3.1299999999999999e+00
   3.0299999999999998e+00
   3.0800000000000001e+00
   2.9900000000000002e+00
   2.9399999999999999e+00
   2.8300000000000001e+00
   2.7599999999999998e+00
   2.9800000000000000e+00
   2.8900000000000001e+00
   2.9500000000000002e+00
   3.0699999999999998e+00
   3.0299999999999998e+00
   2.8900000000000001e+00
   2.8399999999999999e+00
   2.8700000000000001e+00
   2.7300000000000000e+00
   2.8500000000000001e+00
   3.0000000000000000e+00
   2.8300000000000001e+00
   2.8399999999999999e+00
   2.8500000000000001e+00
   2.8599999999999999e+00
   2.8799999999999999e+00
   3.0400000000000000e+00
   3.0299999999999998e+00
   3.0200000000000000e+00
   2.9500000000000002e+00
   2.8999999999999999e+00
   3.0600000000000001e+00
   2.8799999999999999e+00
   2.9600000000000000e+00
   2.9500000000000002e+00
   3.1000000000000001e+00
   2.9900000000000002e+00
   3.0600000000000001e+00
   3.0299999999999998e+00
   3.0299999999999998e+00
   2.9100000000000001e+00
   2.9800000000000000e+00
   3.0000000000000000e+00
   2.8500000000000001e+00
   3.0000000000000000e+00
   3.0400000000000000e+00
   3.1099999999999999e+00
   3.0400000000000000e+00
   2.9500000000000002e+00
   2.8599999999999999e+00
   2.8700000000000001e+00
   2.9900000000000002e+00
   3.0600000000000001e+00
   3.0000000000000000e+00
   3.1099999999999999e+00
   3.1600000000000001e+00
   3.1099999999999999e+00
   2.9800000000000000e+00
   2.9199999999999999e+00
   2.9800000000000000e+00
   2.8199999999999998e+00
   3.0000000000000000e+00
   2.9399999999999999e+00
   2.9100000000000001e+00
   2.8700000000000001e+00
   2.8799999999999999e+00
   2.8700000000000001e+00
   3.0699999999999998e+00
   3.0699999999999998e+00
   3.0299999999999998e+00
   3.0099999999999998e+00
   3.0200000000000000e+00
   3.0800000000000001e+00
   3.0099999999999998e+00
   3.1000000000000001e+00
   3.0600000000000001e+00
   3.0600000000000001e+00
   3.1600000000000001e+00
   3.2000000000000002e+00
   3.1699999999999999e+00
   3.1200000000000001e+00
   3.0200000000000000e+00
   3.0699999999999998e+00
   2.9500000000000002e+00
   2.9600000000000000e+00
   3.1600000000000001e+00
   3.2300000000000000e+00
   3.2999999999999998e+00
   3.2400000000000002e+00
   3.0600000000000001e+00
   3.0600000000000001e+00
   3.0099999999999998e+00
   3.0099999999999998e+00
   2.9399999999999999e+00
   2.8900000000000001e+00
   2.8999999999999999e+00
   3.0200000000000000e+00
   3.0400000000000000e+00
   2.9700000000000002e+00
   2.8300000000000001e+00
   2.8900000000000001e+00
   2.9100000000000001e+00
   3.0800000000000001e+00
   3.0699999999999998e+00
   2.8700000000000001e+00
   2.9199999999999999e+00
   2.9199999999999999e+00
   3.0600000000000001e+00
   2.8900000000000001e+00
   2.9500000000000002e+00
   3.0099999999999998e+00
   3.2500000000000000e+00
   3.1600000000000001e+00
   3.1699999999999999e+00
   2.8900000000000001e+00
   2.8900000000000001e+00
   2.8999999999999999e+00
   2.8799999999999999e+00
   2.8599999999999999e+00
   3.0499999999999998e+00
   3.2599999999999998e+00
   3.2200000000000002e+00
   2.9900000000000002e+00
   3.0000000000000000e+00
   3.0499999999999998e+00
   3.1000000000000001e+00
   3.0000000000000000e+00
   3.2100000000000000e+00
   3.0600000000000001e+00
   2.9700000000000002e+00
   3.0499999999999998e+00
   3.0800000000000001e+00
   3.0899999999999999e+00
   2.8900000000000001e+00
   2.9300000000000002e+00
   2.9800000000000000e+00
   3.0800000000000001e+00
   3.2000000000000002e+00
   2.9600000000000000e+00
   2.9300000000000002e+00
   3.0000000000000000e+00
   2.8300000000000001e+00
   2.9700000000000002e+00
   3.2900000000000000e+00
   3.2799999999999998e+00
   3.1000000000000001e+00
   3.0499999999999998e+00
   3.0200000000000000e+00
   2.9199999999999999e+00
   2.9800000000000000e+00
   3.0499999999999998e+00
   3.2100000000000000e+00
   3.4500000000000002e+00
   3.3999999999999999e+00
   3.1800000000000002e+00
   3.1400000000000001e+00
   2.9600000000000000e+00
   2.9800000000000000e+00
   3.0499999999999998e+00
   3.2900000000000000e+00
   3.4100000000000001e+00
   3.3300000000000001e+00
   3.2000000000000002e+00
   3.0400000000000000e+00
   2.9300000000000002e+00
   3.0899999999999999e+00
   3.0000000000000000e+00
   2.9900000000000002e+00
   3.1499999999999999e+00
   3.1600000000000001e+00
   3.1800000000000002e+00
   2.9399999999999999e+00
   2.8900000000000001e+00
   3.0499999999999998e+00
   3.1400000000000001e+00
   3.1200000000000001e+00
   3.1099999999999999e+00
   3.0099999999999998e+00
   2.9199999999999999e+00
   3.0099999999999998e+00
   3.1400000000000001e+00
   3.1800000000000002e+00
   3.1099999999999999e+00
   3.0400000000000000e+00
   2.9700000000000002e+00
   2.9500000000000002e+00
   2.9300000000000002e+00
   3.0600000000000001e+00
   2.9800000000000000e+00
   3.0000000000000000e+00
   2.8900000000000001e+00
   2.9199999999999999e+00
   3.0899999999999999e+00
   3.2300000000000000e+00
   3.0699999999999998e+00
   3.0299999999999998e+00
   3.1200000000000001e+00
   3.0400000000000000e+00
   2.8999999999999999e+00
   2.8999999999999999e+00
   3.1099999999999999e+00
   3.2000000000000002e+00
   3.1000000000000001e+00
   2.9900000000000002e+00
   3.0800000000000001e+00
   3.1400000000000001e+00
   3.1299999999999999e+00
   3.0800000000000001e+00
   3.1600000000000001e+00
   3.2500000000000000e+00
   3.3500000000000001e+00
   3.3500000000000001e+00
   3.1499999999999999e+00
   3.1099999999999999e+00
   3.1699999999999999e+00
   3.2200000000000002e+00
   3.1800000000000002e+00
   3.3100000000000001e+00
   3.4100000000000001e+00
   3.2500000000000000e+00
   3.2100000000000000e+00
   3.2000000000000002e+00
   3.1000000000000001e+00
   3.2200000000000002e+00
   3.3700000000000001e+00
   3.4199999999999999e+00
   3.7100000000000000e+00
   3.7400000000000002e+00
   3.6499999999999999e+00
   3.3999999999999999e+00
   3.2599999999999998e+00
   3.3300000000000001e+00
   3.2700000000000000e+00
   3.3199999999999998e+00
   3.1600000000000001e+00
   3.1699999999999999e+00
   3.0299999999999998e+00
   3.0400000000000000e+00
   3.0400000000000000e+00
   3.2400000000000002e+00
   3.1299999999999999e+00
   3.2100000000000000e+00
   3.1299999999999999e+00
   3.2000000000000002e+00
   3.0200000000000000e+00
   3.0000000000000000e+00
   3.0200000000000000e+00
   3.0899999999999999e+00
   2.9500000000000002e+00
   3.0800000000000001e+00
   3.1600000000000001e+00
   3.1899999999999999e+00
   3.1400000000000001e+00
   3.0400000000000000e+00
   3.0099999999999998e+00
   2.9500000000000002e+00
   3.1600000000000001e+00
   3.3500000000000001e+00
   3.3799999999999999e+00
   3.4500000000000002e+00
   3.3799999999999999e+00
   3.3399999999999999e+00
   3.2599999999999998e+00
   3.2200000000000002e+00
   3.1299999999999999e+00
   3.0600000000000001e+00
   3.0800000000000001e+00
   3.1800000000000002e+00
   3.1800000000000002e+00
   2.9399999999999999e+00
   3.0899999999999999e+00
   3.1000000000000001e+00
   3.0899999999999999e+00
   3.0499999999999998e+00
   2.9500000000000002e+00
   3.1400000000000001e+00
   3.3300000000000001e+00
   3.3100000000000001e+00
   3.2300000000000000e+00
   3.0899999999999999e+00
   3.1299999999999999e+00
   3.3199999999999998e+00
   3.4900000000000002e+00
   3.5200000000000000e+00
   3.4600000000000000e+00
   3.4399999999999999e+00
   3.3599999999999999e+00
   3.2200000000000002e+00
   3.2000000000000002e+00
   3.2100000000000000e+00
   3.1800000000000002e+00
   3.1499999999999999e+00
   3.0699999999999998e+00
   3.2599999999999998e+00
   3.4500000000000002e+00
   3.4300000000000002e+00
   3.4800000000000000e+00
   3.3300000000000001e+00
   3.2999999999999998e+00
   3.3500000000000001e+00
   3.1600000000000001e+00
   3.1800000000000002e+00
   3.0800000000000001e+00
   3.2300000000000000e+00
   3.1600000000000001e+00
   2.9199999999999999e+00
   2.9300000000000002e+00
   3.0600000000000001e+00
   2.9500000000000002e+00
   2.9500000000000002e+00
   3.0899999999999999e+00
   3.1800000000000002e+00
   3.3100000000000001e+00
   3.5099999999999998e+00
   3.4300000000000002e+00
   3.3300000000000001e+00
   3.5000000000000000e+00
   3.5000000000000000e+00
   3.5099999999999998e+00
   3.4100000000000001e+00
   3.4900000000000002e+00
   3.2999999999999998e+00
   3.2700000000000000e+00
   3.2799999999999998e+00
   3.3199999999999998e+00
   3.2100000000000000e+00
   3.2200000000000002e+00
   3.1400000000000001e+00
   3.2900000000000000e+00
   3.3399999999999999e+00
   3.4900000000000002e+00
   3.4600000000000000e+00
   3.5000000000000000e+00
   3.4500000000000002e+00
   3.4800000000000000e+00
   3.4700000000000002e+00
   3.2300000000000000e+00
   3.2300000000000000e+00
   3.2999999999999998e+00
   3.3100000000000001e+00
   3.3700000000000001e+00
   3.2500000000000000e+00
   3.1899999999999999e+00
   3.3300000000000001e+00
   3.4399999999999999e+00
   3.4199999999999999e+00
   3.3999999999999999e+00
   3.5000000000000000e+00
   3.3799999999999999e+00
   3.4199999999999999e+00
   3.3399999999999999e+00
   3.2700000000000000e+00
   3.1699999999999999e+00
   3.1099999999999999e+00
   3.1600000000000001e+00
   3.1200000000000001e+00
   3.1499999999999999e+00
   3.2599999999999998e+00
   3.3799999999999999e+00
   3.4500000000000002e+00
   3.6299999999999999e+00
   3.6600000000000001e+00
   3.6499999999999999e+00
   3.7300000000000000e+00
   3.7799999999999998e+00
   3.7400000000000002e+00
   3.5000000000000000e+00
   3.3999999999999999e+00
   3.4100000000000001e+00
   3.2599999999999998e+00
   3.2100000000000000e+00
   3.2400000000000002e+00
   3.1899999999999999e+00
   3.1600000000000001e+00
   3.1800000000000002e+00
   3.2300000000000000e+00
   3.3100000000000001e+00
   3.2799999999999998e+00
   3.1299999999999999e+00
   3.1499999999999999e+00
   3.2400000000000002e+00
   3.2400000000000002e+00
   3.2700000000000000e+00
   3.1600000000000001e+00
   3.1899999999999999e+00
   3.2100000000000000e+00
   3.1299999999999999e+00
   3.0899999999999999e+00
   3.1499999999999999e+00
   3.0400000000000000e+00
   3.1800000000000002e+00
   3.1200000000000001e+00
   3.2700000000000000e+00
   3.3900000000000001e+00
   3.4700000000000002e+00
   3.6099999999999999e+00
   3.6600000000000001e+00
   3.7700000000000000e+00
   3.7999999999999998e+00
   3.7999999999999998e+00
   3.8700000000000001e+00
   3.7599999999999998e+00
   3.7000000000000002e+00
   3.7599999999999998e+00
   3.7900000000000000e+00
   3.4800000000000000e+00
   3.6099999999999999e+00
   3.5699999999999998e+00
   3.6099999999999999e+00
   3.5299999999999998e+00
   3.6099999999999999e+00
   3.7500000000000000e+00
   3.6800000000000002e+00
   3.5400000000000000e+00
   3.3700000000000001e+00
   3.3599999999999999e+00
   3.2200000000000002e+00
   3.2000000000000002e+00
   3.1899999999999999e+00
   3.2400000000000002e+00
   3.2500000000000000e+00
   3.0499999999999998e+00
   3.2300000000000000e+00
   3.1400000000000001e+00
   3.3500000000000001e+00
   3.4100000000000001e+00
   3.5099999999999998e+00
   3.6899999999999999e+00
   3.8399999999999999e+00
   3.7200000000000002e+00
   3.6600000000000001e+00
   3.4800000000000000e+00
   3.4500000000000002e+00
   3.4399999999999999e+00
   3.2300000000000000e+00
   3.2599999999999998e+00
   3.3100000000000001e+00
   3.2400000000000002e+00
   3.2700000000000000e+00
   3.4500000000000002e+00
   3.4399999999999999e+00
   3.6400000000000001e+00
   3.6200000000000001e+00
   3.8500000000000001e+00
   3.8100000000000001e+00
   3.8599999999999999e+00
   3.8999999999999999e+00
   3.7400000000000002e+00
   3.4700000000000002e+00
   3.4500000000000002e+00
   3.4300000000000002e+00
   3.2700000000000000e+00
   3.1600000000000001e+00
   3.2599999999999998e+00
   3.2300000000000000e+00
   3.3199999999999998e+00
   3.4100000000000001e+00
   3.4700000000000002e+00
   3.4700000000000002e+00
   3.5299999999999998e+00
   3.6299999999999999e+00
   3.3799999999999999e+00
   3.3700000000000001e+00
   3.3900000000000001e+00
   3.4300000000000002e+00
   3.2799999999999998e+00
   3.2100000000000000e+00
   3.1800000000000002e+00
   3.2700000000000000e+00
   3.3500000000000001e+00
   3.6299999999999999e+00
   3.7400000000000002e+00
   3.7300000000000000e+00
   3.9300000000000002e+00
   3.8900000000000001e+00
   4.0300000000000002e+00
   4.1299999999999999e+00
   4.0599999999999996e+00
   4.1299999999999999e+00
   4.1200000000000001e+00
   3.8900000000000001e+00
   3.7599999999999998e+00
   3.6499999999999999e+00
   3.4199999999999999e+00
   3.4800000000000000e+00
   3.3500000000000001e+00
   3.1800000000000002e+00
   3.4300000000000002e+00
   3.6200000000000001e+00
   3.6499999999999999e+00
   3.8300000000000001e+00
   4.1600000000000001e+00
   3.9900000000000002e+00
   3.9600000000000000e+00
   3.7000000000000002e+00
   3.7000000000000002e+00
   3.5699999999999998e+00
   3.4300000000000002e+00
   3.3199999999999998e+00
   3.3100000000000001e+00
   3.2500000000000000e+00
   3.2100000000000000e+00
   3.3900000000000001e+00
   3.3900000000000001e+00
   3.4500000000000002e+00
   3.6899999999999999e+00
   3.7300000000000000e+00
   3.9100000000000001e+00
   3.9500000000000002e+00
   4.0000000000000000e+00
   4.0099999999999998e+00
   4.1399999999999997e+00
   4.0899999999999999e+00
   4.1699999999999999e+00
   3.9300000000000002e+00
   3.6600000000000001e+00
   3.4900000000000002e+00
   3.5299999999999998e+00
   3.3500000000000001e+00
   3.3300000000000001e+00
   3.3700000000000001e+00
   3.3700000000000001e+00
   3.2900000000000000e+00
   3.4100000000000001e+00
   3.6899999999999999e+00
   3.6699999999999999e+00
   3.4800000000000000e+00
   3.4600000000000000e+00
   3.4100000000000001e+00
   3.6000000000000001e+00
   3.5400000000000000e+00
   3.4800000000000000e+00
   3.3300000000000001e+00
   3.2400000000000002e+00
   3.3700000000000001e+00
   3.3799999999999999e+00
   3.3900000000000001e+00
   3.6299999999999999e+00
   3.7200000000000002e+00
   3.6299999999999999e+00
   3.8700000000000001e+00
   3.7599999999999998e+00
   3.9199999999999999e+00
   3.9600000000000000e+00
   3.7999999999999998e+00
   3.7200000000000002e+00
   3.5800000000000001e+00
   3.2500000000000000e+00
   3.3700000000000001e+00
   3.3300000000000001e+00
   3.2000000000000002e+00
   3.2900000000000000e+00
   3.3900000000000001e+00
   3.5200000000000000e+00
   3.6400000000000001e+00
   3.6400000000000001e+00
   3.5200000000000000e+00
   3.6000000000000001e+00
   3.7599999999999998e+00
   3.7500000000000000e+00
   3.7400000000000002e+00
   3.7000000000000002e+00
   3.6099999999999999e+00
   3.4300000000000002e+00
   3.3500000000000001e+00
   3.3599999999999999e+00
   3.2799999999999998e+00
   3.2700000000000000e+00
   3.4500000000000002e+00
   3.4600000000000000e+00
   3.6800000000000002e+00
   3.6899999999999999e+00
   3.7999999999999998e+00
   3.9100000000000001e+00
   3.8399999999999999e+00
   3.7999999999999998e+00
   3.8700000000000001e+00
   3.5000000000000000e+00
   3.4800000000000000e+00
   3.3700000000000001e+00
   3.4500000000000002e+00
   3.2999999999999998e+00
   3.2100000000000000e+00
   3.3199999999999998e+00
   3.3900000000000001e+00
   3.4500000000000002e+00
   3.6099999999999999e+00
   3.7200000000000002e+00
   3.7999999999999998e+00
   3.8700000000000001e+00
   4.0099999999999998e+00
   3.7999999999999998e+00
   3.5600000000000001e+00
   3.4900000000000002e+00
   3.4600000000000000e+00
   3.4199999999999999e+00
   3.3900000000000001e+00
   3.4900000000000002e+00
   3.5699999999999998e+00
   3.6099999999999999e+00
   3.5899999999999999e+00
   3.4600000000000000e+00
   3.5899999999999999e+00
   3.6000000000000001e+00
   3.7400000000000002e+00
   3.8300000000000001e+00
   3.8599999999999999e+00
   3.8300000000000001e+00
   3.7700000000000000e+00
   3.6800000000000002e+00
   3.5600000000000001e+00
   3.3799999999999999e+00
   3.4199999999999999e+00
   3.4100000000000001e+00
   3.3599999999999999e+00
   3.5000000000000000e+00
   3.5600000000000001e+00
   3.6699999999999999e+00
   3.6899999999999999e+00
   3.7700000000000000e+00
   3.8799999999999999e+00
   3.9399999999999999e+00
   4.1500000000000004e+00
   4.0999999999999996e+00
   4.2300000000000004e+00
   4.2199999999999998e+00
   4.1500000000000004e+00
   4.0000000000000000e+00
   3.6000000000000001e+00
   3.4399999999999999e+00
   3.2300000000000000e+00
   3.3399999999999999e+00
   3.2900000000000000e+00
   3.2900000000000000e+00
   3.3199999999999998e+00
   3.4700000000000002e+00
   3.5000000000000000e+00
   3.6800000000000002e+00
   3.6800000000000002e+00
   3.7200000000000002e+00
   3.5000000000000000e+00
   3.5000000000000000e+00
   3.5099999999999998e+00
   3.6299999999999999e+00
   3.6600000000000001e+00
   3.5499999999999998e+00
   3.4399999999999999e+00
   3.4600000000000000e+00
   3.4900000000000002e+00
   3.6299999999999999e+00
   3.7000000000000002e+00
   3.8799999999999999e+00
   3.8500000000000001e+00
   3.9900000000000002e+00
   3.9600000000000000e+00
   4.1500000000000004e+00
   4.1600000000000001e+00
   4.2800000000000002e+00
   4.2100000000000000e+00
   4.1799999999999997e+00
   4.1799999999999997e+00
   3.8799999999999999e+00
   3.7400000000000002e+00
   3.7200000000000002e+00
   3.6000000000000001e+00
   3.6200000000000001e+00
   3.7100000000000000e+00
   3.7799999999999998e+00
   3.9199999999999999e+00
   3.6200000000000001e+00
   3.6699999999999999e+00
   3.6299999999999999e+00
   3.5600000000000001e+00
   3.3599999999999999e+00
   3.3399999999999999e+00
   3.4399999999999999e+00
   3.2400000000000002e+00
   3.4600000000000000e+00
   3.5699999999999998e+00
   3.5400000000000000e+00
   3.8100000000000001e+00
   3.6299999999999999e+00
   3.5499999999999998e+00
   3.8900000000000001e+00
   3.9199999999999999e+00
   3.8100000000000001e+00
   3.8500000000000001e+00
   3.6899999999999999e+00
   3.5800000000000001e+00
   3.6800000000000002e+00
   3.6499999999999999e+00
   3.5200000000000000e+00
   3.3599999999999999e+00
   3.3799999999999999e+00
   3.3300000000000001e+00
   3.4500000000000002e+00
   3.5499999999999998e+00
   3.5000000000000000e+00
   3.7500000000000000e+00
   3.6099999999999999e+00
   3.7400000000000002e+00
   3.8999999999999999e+00
   3.8599999999999999e+00
   3.7700000000000000e+00
   3.8900000000000001e+00
   4.0199999999999996e+00
   4.0999999999999996e+00
   4.1699999999999999e+00
   4.0300000000000002e+00
   4.0199999999999996e+00
   3.5099999999999998e+00
   3.5800000000000001e+00
   3.5200000000000000e+00
   3.4500000000000002e+00
   3.5099999999999998e+00
   3.4800000000000000e+00
   3.5000000000000000e+00
   3.6499999999999999e+00
   3.7000000000000002e+00
   3.6400000000000001e+00
   3.7000000000000002e+00
   3.8100000000000001e+00
   3.8100000000000001e+00
   3.8300000000000001e+00
   4.0099999999999998e+00
   3.9300000000000002e+00
   4.0199999999999996e+00
   3.6899999999999999e+00
   3.7400000000000002e+00
   3.6099999999999999e+00
   3.6800000000000002e+00
   3.5899999999999999e+00
   3.7500000000000000e+00
   3.6899999999999999e+00
   3.7700000000000000e+00
   3.7300000000000000e+00
   3.8399999999999999e+00
   3.8300000000000001e+00
   3.9500000000000002e+00
   3.9700000000000002e+00
   4.1600000000000001e+00
   4.1900000000000004e+00
   3.8900000000000001e+00
   3.6400000000000001e+00
   3.5600000000000001e+00
   3.6099999999999999e+00
   3.6200000000000001e+00
   3.7999999999999998e+00
   3.6099999999999999e+00
   3.5699999999999998e+00
   3.5699999999999998e+00
   3.5699999999999998e+00
   3.6800000000000002e+00
   3.6299999999999999e+00
   3.4199999999999999e+00
   3.6499999999999999e+00
   3.7200000000000002e+00
   3.7300000000000000e+00
   3.8199999999999998e+00
   3.9800000000000000e+00
   3.6099999999999999e+00
   3.6800000000000002e+00
   3.5200000000000000e+00
   3.6600000000000001e+00
   3.6800000000000002e+00
   3.7999999999999998e+00
   3.9500000000000002e+00
   3.8900000000000001e+00
   4.0899999999999999e+00
   4.0599999999999996e+00
   3.9900000000000002e+00
   3.8500000000000001e+00
   3.7700000000000000e+00
   3.7999999999999998e+00
   3.6499999999999999e+00
   3.5699999999999998e+00
   3.5299999999999998e+00
   3.3799999999999999e+00
   3.4800000000000000e+00
   3.5200000000000000e+00
   3.4900000000000002e+00
   3.6299999999999999e+00
   3.5299999999999998e+00
   3.8300000000000001e+00
   3.7400000000000002e+00
   3.8500000000000001e+00
   4.1600000000000001e+00
   4.2100000000000000e+00
   4.1299999999999999e+00
   3.6899999999999999e+00
   3.7100000000000000e+00
   3.6000000000000001e+00
   3.6000000000000001e+00
   3.8599999999999999e+00
   3.7400000000000002e+00
   3.7999999999999998e+00
   3.7900000000000000e+00
   3.7200000000000002e+00
   3.5200000000000000e+00
   3.5699999999999998e+00
   3.8300000000000001e+00
   3.8599999999999999e+00
   3.9300000000000002e+00
   4.1699999999999999e+00
   4.1200000000000001e+00
   4.1500000000000004e+00
   4.0899999999999999e+00
   3.7700000000000000e+00
   3.8199999999999998e+00
   3.7500000000000000e+00
   3.7200000000000002e+00
   3.7400000000000002e+00
   3.5899999999999999e+00
   3.5699999999999998e+00
   3.6499999999999999e+00
   3.7200000000000002e+00
   3.5499999999999998e+00
   3.8599999999999999e+00
   3.8799999999999999e+00
   3.9100000000000001e+00
   4.1299999999999999e+00
   4.0800000000000001e+00
   4.1299999999999999e+00
   4.1100000000000003e+00
   4.2800000000000002e+00
   4.2500000000000000e+00
   4.1799999999999997e+00
   4.1699999999999999e+00
   4.0499999999999998e+00
   3.8799999999999999e+00
   3.6800000000000002e+00
   3.6000000000000001e+00
   3.5600000000000001e+00
   3.5699999999999998e+00
   3.5499999999999998e+00
   4.0099999999999998e+00
   3.7599999999999998e+00
   3.6800000000000002e+00
   3.6499999999999999e+00
   3.8999999999999999e+00
   3.8399999999999999e+00
   3.8799999999999999e+00
   3.6600000000000001e+00
   3.6600000000000001e+00
   3.5499999999999998e+00
   3.3700000000000001e+00
   3.5299999999999998e+00
   3.6099999999999999e+00
   3.7100000000000000e+00
   3.8599999999999999e+00
   3.7200000000000002e+00
   3.6600000000000001e+00
   3.7999999999999998e+00
   3.9900000000000002e+00
   3.9900000000000002e+00
   4.1799999999999997e+00
   4.2400000000000002e+00
   4.1699999999999999e+00
   3.8500000000000001e+00
   3.7300000000000000e+00
   3.5600000000000001e+00
   3.5800000000000001e+00
   3.7599999999999998e+00
   3.7900000000000000e+00
   3.7200000000000002e+00
   3.6800000000000002e+00
   3.8199999999999998e+00
   3.9700000000000002e+00
   4.0700000000000003e+00
   4.2999999999999998e+00
   4.3799999999999999e+00
   4.3499999999999996e+00
   4.4100000000000001e+00
   4.2000000000000002e+00
   3.9600000000000000e+00
   3.8900000000000001e+00
   3.7000000000000002e+00
   3.6699999999999999e+00
   3.6400000000000001e+00
   3.7900000000000000e+00
   3.6899999999999999e+00
   3.7400000000000002e+00
   4.0199999999999996e+00
   4.1500000000000004e+00
   4.1600000000000001e+00
   4.2900000000000000e+00
   4.2100000000000000e+00
   4.2400000000000002e+00
   4.3600000000000003e+00
   4.0499999999999998e+00
   3.7700000000000000e+00
   3.5099999999999998e+00
   3.4199999999999999e+00
   3.4199999999999999e+00
   3.5699999999999998e+00
   3.4399999999999999e+00
   3.3900000000000001e+00
   3.4199999999999999e+00
   3.3100000000000001e+00
   3.3799999999999999e+00
   3.4500000000000002e+00
   3.6200000000000001e+00
   3.8700000000000001e+00
   3.9900000000000002e+00
   4.2199999999999998e+00
   4.0700000000000003e+00
   4.0999999999999996e+00
   4.2400000000000002e+00
   4.3099999999999996e+00
   4.2000000000000002e+00
   3.7999999999999998e+00
   3.4900000000000002e+00
   3.3500000000000001e+00
   3.3599999999999999e+00
   3.3300000000000001e+00
   3.3399999999999999e+00
   3.2799999999999998e+00
   3.2400000000000002e+00
   3.2400000000000002e+00
   3.3799999999999999e+00
   3.3799999999999999e+00
   3.5200000000000000e+00
   3.6099999999999999e+00
   3.7200000000000002e+00
   3.7200000000000002e+00
   3.8300000000000001e+00
   3.9600000000000000e+00
   3.8399999999999999e+00
   3.9600000000000000e+00
   4.2199999999999998e+00
   4.4000000000000004e+00
   4.2000000000000002e+00
   3.9700000000000002e+00
   3.9700000000000002e+00
   3.7400000000000002e+00
   3.6299999999999999e+00
   3.5600000000000001e+00
   3.4900000000000002e+00
   3.5400000000000000e+00
   3.7000000000000002e+00
   3.5899999999999999e+00
   3.7300000000000000e+00
   3.6099999999999999e+00
   3.7200000000000002e+00
   3.8199999999999998e+00
   3.9600000000000000e+00
   4.0499999999999998e+00
   4.2000000000000002e+00
   4.0800000000000001e+00
   4.2100000000000000e+00
   4.2599999999999998e+00
   4.0400000000000000e+00
   4.2000000000000002e+00
   3.9900000000000002e+00
   3.9800000000000000e+00
   3.7999999999999998e+00
   3.6299999999999999e+00
   3.5499999999999998e+00
   3.5000000000000000e+00
   3.4100000000000001e+00
   3.4900000000000002e+00
   3.5899999999999999e+00
   3.6699999999999999e+00
   3.8599999999999999e+00
   3.8799999999999999e+00
   4.0700000000000003e+00
   4.1900000000000004e+00
   4.0999999999999996e+00
   4.1900000000000004e+00
   4.1900000000000004e+00
   4.0199999999999996e+00
   4.0599999999999996e+00
   4.0899999999999999e+00
   4.0000000000000000e+00
   3.9900000000000002e+00
   3.9399999999999999e+00
   3.9500000000000002e+00
   3.7300000000000000e+00
   3.5899999999999999e+00
   3.7100000000000000e+00
   3.6899999999999999e+00
   3.6499999999999999e+00
   3.7999999999999998e+00
   3.8999999999999999e+00
   3.9700000000000002e+00
   4.0599999999999996e+00
   4.0700000000000003e+00
   4.1500000000000004e+00
   4.2000000000000002e+00
   3.9399999999999999e+00
   4.1399999999999997e+00
   4.3499999999999996e+00
   4.2599999999999998e+00
   3.9700000000000002e+00
   3.8399999999999999e+00
   3.6499999999999999e+00
   3.5600000000000001e+00
   3.6699999999999999e+00
   3.7100000000000000e+00
   3.8399999999999999e+00
   3.8100000000000001e+00
   3.8399999999999999e+00
   3.9100000000000001e+00
   3.9100000000000001e+00
   3.9600000000000000e+00
   4.0700000000000003e+00
   3.8700000000000001e+00
   3.8999999999999999e+00
   4.1100000000000003e+00
   4.2699999999999996e+00
   4.2500000000000000e+00
   4.3099999999999996e+00
   4.3600000000000003e+00
   4.0999999999999996e+00
   3.8500000000000001e+00
   3.4700000000000002e+00
   3.3300000000000001e+00
   3.3500000000000001e+00
   3.3799999999999999e+00
   3.3399999999999999e+00
   3.4100000000000001e+00
   3.4199999999999999e+00
   3.5499999999999998e+00
   3.6299999999999999e+00
   3.7400000000000002e+00
   3.9399999999999999e+00
   3.9700000000000002e+00
   3.7300000000000000e+00
   3.8199999999999998e+00
   4.0999999999999996e+00
   4.0800000000000001e+00
   4.2000000000000002e+00
   4.3200000000000003e+00
   4.1600000000000001e+00
   4.3399999999999999e+00
   4.2000000000000002e+00
   4.4199999999999999e+00
   4.4299999999999997e+00
   4.2800000000000002e+00
   4.2699999999999996e+00
   4.1399999999999997e+00
   4.0499999999999998e+00
   3.6699999999999999e+00
   3.7700000000000000e+00
   3.6499999999999999e+00
   3.8399999999999999e+00
   3.6000000000000001e+00
   3.7999999999999998e+00
   3.7400000000000002e+00
   3.7599999999999998e+00
   3.7300000000000000e+00
   3.6000000000000001e+00
   3.5600000000000001e+00
   3.5299999999999998e+00
   3.6600000000000001e+00
   3.6000000000000001e+00
   3.6000000000000001e+00
   3.6800000000000002e+00
   3.7900000000000000e+00
   3.7599999999999998e+00
   3.7500000000000000e+00
   3.8199999999999998e+00
   4.0199999999999996e+00
   3.8599999999999999e+00
   3.9900000000000002e+00
   3.9700000000000002e+00
   4.0199999999999996e+00
   4.0199999999999996e+00
   4.2400000000000002e+00
   4.2199999999999998e+00
   4.0499999999999998e+00
   4.3200000000000003e+00
   4.3799999999999999e+00
   4.5000000000000000e+00
   4.3399999999999999e+00
   4.4699999999999998e+00
   4.0899999999999999e+00
   4.2000000000000002e+00
   4.1399999999999997e+00
   4.1200000000000001e+00
   3.8399999999999999e+00
   3.8500000000000001e+00
   3.6699999999999999e+00
   3.8300000000000001e+00
   3.9300000000000002e+00
   4.0300000000000002e+00
   4.0800000000000001e+00
   4.2900000000000000e+00
   4.0300000000000002e+00
   4.0000000000000000e+00
   4.0099999999999998e+00
   3.9500000000000002e+00
   3.9100000000000001e+00
   3.8900000000000001e+00
   3.7000000000000002e+00
   3.8100000000000001e+00
   3.6099999999999999e+00
   3.5400000000000000e+00
   3.4800000000000000e+00
   3.4199999999999999e+00
   3.2100000000000000e+00
   3.3399999999999999e+00
   3.3300000000000001e+00
   3.4800000000000000e+00
   3.6600000000000001e+00
   3.9399999999999999e+00
   4.0800000000000001e+00
   4.2300000000000004e+00
   4.1200000000000001e+00
   4.2500000000000000e+00
   4.2699999999999996e+00
   4.1799999999999997e+00
   4.2900000000000000e+00
   4.2199999999999998e+00
   4.3799999999999999e+00
   4.2300000000000004e+00
   4.3300000000000001e+00
   4.5400000000000000e+00
   4.3300000000000001e+00
   4.3600000000000003e+00
   4.0800000000000001e+00
   3.9500000000000002e+00
   3.8399999999999999e+00
   3.8700000000000001e+00
   3.6400000000000001e+00
   3.5699999999999998e+00
   3.8300000000000001e+00
   3.7799999999999998e+00
   3.7300000000000000e+00
   3.9900000000000002e+00
   4.1299999999999999e+00
   4.1200000000000001e+00
   4.2199999999999998e+00
   4.2199999999999998e+00
   4.2800000000000002e+00
   4.1500000000000004e+00
   3.9399999999999999e+00
   3.8399999999999999e+00
   3.8399999999999999e+00
   3.9399999999999999e+00
   4.0599999999999996e+00
   4.1100000000000003e+00
   4.2100000000000000e+00
   4.2400000000000002e+00
   4.1500000000000004e+00
   3.9900000000000002e+00
   3.7599999999999998e+00
   3.7200000000000002e+00
   3.7700000000000000e+00
   3.8700000000000001e+00
   3.9800000000000000e+00
   4.0899999999999999e+00
   4.2100000000000000e+00
   4.2999999999999998e+00
   4.5800000000000001e+00
   4.4199999999999999e+00
   4.1600000000000001e+00
   3.7300000000000000e+00
   3.3300000000000001e+00
   3.3900000000000001e+00
   3.2999999999999998e+00
   3.4399999999999999e+00
   3.4800000000000000e+00
   3.6299999999999999e+00
   3.5699999999999998e+00
   3.6899999999999999e+00
   3.8900000000000001e+00
   3.8599999999999999e+00
   4.0199999999999996e+00
   3.9800000000000000e+00
   4.0700000000000003e+00
   4.0999999999999996e+00
   4.2599999999999998e+00
   4.3799999999999999e+00
   4.4299999999999997e+00
   4.5499999999999998e+00
   4.5099999999999998e+00
   4.3700000000000001e+00
   4.0599999999999996e+00
   4.0300000000000002e+00
   4.0899999999999999e+00
   3.9900000000000002e+00
   3.9900000000000002e+00
   4.1200000000000001e+00
   4.1399999999999997e+00
   4.1699999999999999e+00
   4.2900000000000000e+00
   4.3300000000000001e+00
   4.4000000000000004e+00
   4.4100000000000001e+00
   4.3200000000000003e+00
   4.3899999999999997e+00
   4.4500000000000002e+00
   4.4699999999999998e+00
   4.4699999999999998e+00
   4.4199999999999999e+00
   4.6799999999999997e+00
   4.5899999999999999e+00
   4.6900000000000004e+00
   4.6799999999999997e+00
   4.6699999999999999e+00
   4.5099999999999998e+00
   4.3200000000000003e+00
   4.0599999999999996e+00
   3.5800000000000001e+00
   3.6800000000000002e+00
   3.4500000000000002e+00
   3.4199999999999999e+00
   3.4600000000000000e+00
   3.6299999999999999e+00
   3.6499999999999999e+00
   3.5000000000000000e+00
   3.6299999999999999e+00
   3.5800000000000001e+00
   3.6699999999999999e+00
   3.8100000000000001e+00
   4.0199999999999996e+00
   3.9900000000000002e+00
   3.8199999999999998e+00
   3.9500000000000002e+00
   4.0700000000000003e+00
   4.0400000000000000e+00
   3.9500000000000002e+00
   4.1100000000000003e+00
   3.9199999999999999e+00
   3.8999999999999999e+00
   3.9600000000000000e+00
   3.8999999999999999e+00
   4.0800000000000001e+00
   4.1200000000000001e+00
   4.3799999999999999e+00
   4.3099999999999996e+00
   4.4900000000000002e+00
   4.5300000000000002e+00
   4.5499999999999998e+00
   4.7300000000000004e+00
   4.6799999999999997e+00
   4.6799999999999997e+00
   4.6699999999999999e+00
   4.7400000000000002e+00
   4.2699999999999996e+00
   4.1600000000000001e+00
   3.7000000000000002e+00
   3.6800000000000002e+00
   3.5499999999999998e+00
   3.5400000000000000e+00
   3.4800000000000000e+00
   3.5600000000000001e+00
   3.6400000000000001e+00
   3.7599999999999998e+00
   3.8700000000000001e+00
   3.9900000000000002e+00
   4.0700000000000003e+00
   4.1100000000000003e+00
   4.2800000000000002e+00
   4.1100000000000003e+00
   4.3300000000000001e+00
   4.2599999999999998e+00
   4.5899999999999999e+00
   4.5499999999999998e+00
   4.4800000000000004e+00
   4.5999999999999996e+00
   4.5899999999999999e+00
   4.6699999999999999e+00
   4.4800000000000004e+00
   4.1699999999999999e+00
   4.1100000000000003e+00
   4.2100000000000000e+00
   4.1900000000000004e+00
   4.1500000000000004e+00
   4.0199999999999996e+00
   4.1600000000000001e+00
   4.1600000000000001e+00
   4.3200000000000003e+00
   4.4400000000000004e+00
   4.6500000000000004e+00
   4.6600000000000001e+00
   4.7500000000000000e+00
   4.6100000000000003e+00
   4.2900000000000000e+00
   4.0599999999999996e+00
   3.9800000000000000e+00
   4.0300000000000002e+00
   3.9300000000000002e+00
   3.8399999999999999e+00
   3.7599999999999998e+00
   3.6499999999999999e+00
   3.5699999999999998e+00
   3.5000000000000000e+00
   3.6400000000000001e+00
   3.7100000000000000e+00
   3.7000000000000002e+00
   3.9500000000000002e+00
   4.1299999999999999e+00
   4.0300000000000002e+00
   4.1500000000000004e+00
   4.1399999999999997e+00
   4.2599999999999998e+00
   4.4000000000000004e+00
   4.4600000000000000e+00
   4.5199999999999996e+00
   4.4199999999999999e+00
   4.6500000000000004e+00
   4.5000000000000000e+00
   4.5800000000000001e+00
   4.7999999999999998e+00
   4.6399999999999997e+00
   4.5800000000000001e+00
   4.5700000000000003e+00
   4.7699999999999996e+00
   4.7900000000000000e+00
   4.7100000000000000e+00
   4.7500000000000000e+00
   4.7199999999999998e+00
   4.6799999999999997e+00
   4.7500000000000000e+00
   5.0099999999999998e+00
   4.7999999999999998e+00
   5.0000000000000000e+00
   4.9299999999999997e+00
   5.0499999999999998e+00
   5.0800000000000001e+00
   5.0099999999999998e+00
   4.9000000000000004e+00
   4.6299999999999999e+00
   4.3099999999999996e+00
   4.0899999999999999e+00
   3.8100000000000001e+00
   3.6600000000000001e+00
   3.5299999999999998e+00
   3.5200000000000000e+00
   3.4900000000000002e+00
   3.7999999999999998e+00
   3.7999999999999998e+00
   3.7700000000000000e+00
   3.9700000000000002e+00
   4.0700000000000003e+00
   4.0199999999999996e+00
   3.9900000000000002e+00
   3.7999999999999998e+00
   3.8900000000000001e+00
   3.8799999999999999e+00
   3.8999999999999999e+00
   3.9900000000000002e+00
   4.0199999999999996e+00
   4.0700000000000003e+00
   4.0899999999999999e+00
   4.0700000000000003e+00
   4.1900000000000004e+00
   4.1100000000000003e+00
   4.1799999999999997e+00
   4.3300000000000001e+00
   4.3099999999999996e+00
   4.2900000000000000e+00
   4.1299999999999999e+00
   4.0000000000000000e+00
   3.6899999999999999e+00
   3.5699999999999998e+00
   3.5000000000000000e+00
   3.4800000000000000e+00
   3.4600000000000000e+00
   3.3900000000000001e+00
   3.7300000000000000e+00
   3.6499999999999999e+00
   3.5899999999999999e+00
   3.8900000000000001e+00
   3.9100000000000001e+00
   3.9700000000000002e+00
   4.0000000000000000e+00
   3.9399999999999999e+00
   3.8599999999999999e+00
   3.9600000000000000e+00
   4.0099999999999998e+00
   4.1699999999999999e+00
   4.1399999999999997e+00
   4.2100000000000000e+00
   4.1399999999999997e+00
   4.1699999999999999e+00
   4.2500000000000000e+00
   4.3499999999999996e+00
   4.3899999999999997e+00
   4.2500000000000000e+00
   4.2900000000000000e+00
   4.4600000000000000e+00
   4.5199999999999996e+00
   4.4500000000000002e+00
   4.5000000000000000e+00
   4.5300000000000002e+00
   4.5499999999999998e+00
   4.5300000000000002e+00
   4.5099999999999998e+00
   4.4299999999999997e+00
   4.4600000000000000e+00
   4.4500000000000002e+00
   4.4500000000000002e+00
   4.5000000000000000e+00
   4.5300000000000002e+00
   4.4800000000000004e+00
   4.5400000000000000e+00
   4.4299999999999997e+00
   4.5499999999999998e+00
   4.2900000000000000e+00
   4.2699999999999996e+00
   4.1100000000000003e+00
   4.0099999999999998e+00
   3.9199999999999999e+00
   3.9700000000000002e+00
   3.9900000000000002e+00
   3.9199999999999999e+00
   3.9600000000000000e+00
   3.9700000000000002e+00
   3.9199999999999999e+00
   3.8300000000000001e+00
   3.9300000000000002e+00
   3.8799999999999999e+00
   3.9100000000000001e+00
   3.9500000000000002e+00
   3.9600000000000000e+00
   4.0700000000000003e+00
   3.9600000000000000e+00
   4.0099999999999998e+00
   4.0999999999999996e+00
   4.0999999999999996e+00
   4.2500000000000000e+00
   4.2199999999999998e+00
   4.0599999999999996e+00
   4.1399999999999997e+00
   4.0599999999999996e+00
   4.1600000000000001e+00
   3.9300000000000002e+00
   4.0099999999999998e+00
   3.8599999999999999e+00
   3.9100000000000001e+00
   3.8100000000000001e+00
   3.7500000000000000e+00
   3.7799999999999998e+00
   3.8399999999999999e+00
   3.7500000000000000e+00
   3.8199999999999998e+00
   3.6800000000000002e+00
   3.8300000000000001e+00
   3.8300000000000001e+00
   3.8300000000000001e+00
   3.7200000000000002e+00
   3.6299999999999999e+00
   3.4700000000000002e+00
   3.5400000000000000e+00
   3.6000000000000001e+00
   3.6699999999999999e+00
   3.7200000000000002e+00
   3.7599999999999998e+00
   3.8100000000000001e+00
   3.7900000000000000e+00
   3.9700000000000002e+00
   4.0099999999999998e+00
   4.1699999999999999e+00
   4.1200000000000001e+00
   4.1200000000000001e+00
   4.2199999999999998e+00
   4.2699999999999996e+00
   4.2999999999999998e+00
   4.3499999999999996e+00
   4.3899999999999997e+00
   4.3600000000000003e+00
   4.3200000000000003e+00
   4.2500000000000000e+00
   4.3300000000000001e+00
   4.5099999999999998e+00
   4.3799999999999999e+00
   4.4400000000000004e+00
   4.4600000000000000e+00
   4.5700000000000003e+00
   4.4400000000000004e+00
   4.6100000000000003e+00
   4.6100000000000003e+00
   4.5899999999999999e+00
   4.5599999999999996e+00
   4.6299999999999999e+00
   4.5499999999999998e+00
   4.6299999999999999e+00
   4.6200000000000001e+00
   4.4100000000000001e+00
   4.5999999999999996e+00
   4.5599999999999996e+00
   4.7300000000000004e+00
   4.5800000000000001e+00
   4.7500000000000000e+00
   4.7300000000000004e+00
   4.7699999999999996e+00
   4.5099999999999998e+00
   4.8200000000000003e+00
   4.9100000000000001e+00
   4.8200000000000003e+00
   4.9100000000000001e+00
   4.9600000000000000e+00
   4.9500000000000002e+00
   4.7599999999999998e+00
   4.8700000000000001e+00
   4.7900000000000000e+00
   4.9000000000000004e+00
   5.0700000000000003e+00
   5.0199999999999996e+00
   5.0800000000000001e+00
   5.0800000000000001e+00
   5.0499999999999998e+00
   5.0499999999999998e+00
   4.9800000000000004e+00
   4.9100000000000001e+00
   4.7199999999999998e+00
   4.2999999999999998e+00
   4.5000000000000000e+00
   4.2999999999999998e+00
   3.9199999999999999e+00
   4.0199999999999996e+00
   3.9399999999999999e+00
   3.8500000000000001e+00
   3.7700000000000000e+00
   3.8100000000000001e+00
   3.7500000000000000e+00
   3.5699999999999998e+00
   3.5099999999999998e+00
   3.4100000000000001e+00
   3.4100000000000001e+00
   3.3799999999999999e+00
   3.3100000000000001e+00
   3.2900000000000000e+00
   3.1499999999999999e+00
   3.2200000000000002e+00
   3.1699999999999999e+00
   3.2100000000000000e+00
   3.1899999999999999e+00
   3.1099999999999999e+00
   3.2000000000000002e+00
   3.1499999999999999e+00
   3.1699999999999999e+00
   3.2000000000000002e+00
   3.3199999999999998e+00
   3.4800000000000000e+00
   3.5400000000000000e+00
   3.4700000000000002e+00
   3.7200000000000002e+00
   3.7599999999999998e+00
   3.9199999999999999e+00
   3.8599999999999999e+00
   3.9700000000000002e+00
   4.0000000000000000e+00
   3.9600000000000000e+00
   3.8900000000000001e+00
   3.9199999999999999e+00
   3.9900000000000002e+00
   4.0199999999999996e+00
   4.1399999999999997e+00
   4.0800000000000001e+00
   4.1200000000000001e+00
   4.0499999999999998e+00
   4.1500000000000004e+00
   4.1900000000000004e+00
   4.1699999999999999e+00
   4.1900000000000004e+00
   4.2000000000000002e+00
   4.2100000000000000e+00
   4.2000000000000002e+00
   4.3399999999999999e+00
   4.2900000000000000e+00
   4.4199999999999999e+00
   4.2699999999999996e+00
   4.3600000000000003e+00
   4.3799999999999999e+00
   4.4000000000000004e+00
   4.3700000000000001e+00
   4.3200000000000003e+00
   4.4600000000000000e+00
   4.3600000000000003e+00
   4.5300000000000002e+00
   4.5000000000000000e+00
   4.5000000000000000e+00
   4.5400000000000000e+00
   4.4900000000000002e+00
   4.5800000000000001e+00
   4.5499999999999998e+00
   4.4600000000000000e+00
   4.5899999999999999e+00
   4.4000000000000004e+00
   4.4699999999999998e+00
   4.4699999999999998e+00
   4.6399999999999997e+00
   4.6699999999999999e+00
   4.6200000000000001e+00
   4.4900000000000002e+00
   4.5300000000000002e+00
   4.6799999999999997e+00
   4.7900000000000000e+00
   4.7599999999999998e+00
   4.7999999999999998e+00
   4.8300000000000001e+00
   4.8399999999999999e+00
   4.5999999999999996e+00
   4.4199999999999999e+00
   4.1699999999999999e+00
   4.2300000000000004e+00
   4.0800000000000001e+00
   3.7500000000000000e+00
   3.5099999999999998e+00
   3.3799999999999999e+00
   3.3900000000000001e+00
   3.2900000000000000e+00
   3.2999999999999998e+00
   3.1899999999999999e+00
   3.2300000000000000e+00
   3.2200000000000002e+00
   3.2300000000000000e+00
   3.3100000000000001e+00
   3.2100000000000000e+00
   3.4700000000000002e+00
   3.5299999999999998e+00
   3.5299999999999998e+00
   3.6600000000000001e+00
   3.5800000000000001e+00
   3.7599999999999998e+00
   3.8900000000000001e+00
   3.6899999999999999e+00
   3.6200000000000001e+00
   3.7700000000000000e+00
   3.6899999999999999e+00
   3.7900000000000000e+00
   3.7000000000000002e+00
   3.7999999999999998e+00
   3.8599999999999999e+00
   3.8500000000000001e+00
   4.0000000000000000e+00
   4.0499999999999998e+00
   4.0700000000000003e+00
   4.0700000000000003e+00
   4.0000000000000000e+00
   4.0599999999999996e+00
   4.0599999999999996e+00
   4.0199999999999996e+00
   4.2300000000000004e+00
   4.1699999999999999e+00
   4.2999999999999998e+00
   4.2300000000000004e+00
   4.3099999999999996e+00
   4.3300000000000001e+00
   4.2199999999999998e+00
   4.2699999999999996e+00
   4.1100000000000003e+00
   4.0999999999999996e+00
   4.0599999999999996e+00
   4.0199999999999996e+00
   3.8900000000000001e+00
   3.8199999999999998e+00
   3.8399999999999999e+00
   3.8599999999999999e+00
   3.8700000000000001e+00
   3.9800000000000000e+00
   4.2100000000000000e+00
   4.1399999999999997e+00
   4.2300000000000004e+00
   4.3099999999999996e+00
   4.4400000000000004e+00
   4.2999999999999998e+00
   4.3799999999999999e+00
   4.3799999999999999e+00
   4.4400000000000004e+00
   4.4400000000000004e+00
   4.5000000000000000e+00
   4.5099999999999998e+00
   4.5199999999999996e+00
   4.3300000000000001e+00
   4.5000000000000000e+00
   4.5000000000000000e+00
   4.4400000000000004e+00
   4.4199999999999999e+00
   4.4600000000000000e+00
   4.4500000000000002e+00
   4.5199999999999996e+00
   4.4600000000000000e+00
   4.5199999999999996e+00
   4.5099999999999998e+00
   4.5499999999999998e+00
   4.4299999999999997e+00
   4.3700000000000001e+00
   4.5700000000000003e+00
   4.5199999999999996e+00
   4.6299999999999999e+00
   4.5800000000000001e+00
   4.5000000000000000e+00
   4.3600000000000003e+00
   4.3799999999999999e+00
   4.3099999999999996e+00
   4.3799999999999999e+00
   4.1699999999999999e+00
   4.0499999999999998e+00
   3.7799999999999998e+00
   3.6800000000000002e+00
   3.5400000000000000e+00
   3.4399999999999999e+00
   3.4399999999999999e+00
   3.5099999999999998e+00
   3.4700000000000002e+00
   3.6600000000000001e+00
   3.7100000000000000e+00
   3.8399999999999999e+00
   3.9700000000000002e+00
   4.1699999999999999e+00
   4.2199999999999998e+00
   4.2999999999999998e+00
   4.0199999999999996e+00
   4.1900000000000004e+00
   4.1900000000000004e+00
   4.2900000000000000e+00
   4.2800000000000002e+00
   4.3899999999999997e+00
   4.4400000000000004e+00
   4.3799999999999999e+00
   4.2300000000000004e+00
   3.9800000000000000e+00
   3.9399999999999999e+00
   3.7200000000000002e+00
   3.4800000000000000e+00
   3.5299999999999998e+00
   3.5400000000000000e+00
   3.5600000000000001e+00
   3.6499999999999999e+00
   3.6099999999999999e+00
   3.6000000000000001e+00
   3.5699999999999998e+00
   3.6400000000000001e+00
   3.7100000000000000e+00
   3.7799999999999998e+00
   3.7700000000000000e+00
   3.8199999999999998e+00
   3.7799999999999998e+00
   3.6099999999999999e+00
   3.6299999999999999e+00
   3.5299999999999998e+00
   3.5299999999999998e+00
   3.5699999999999998e+00
   3.8199999999999998e+00
   3.7400000000000002e+00
   3.8199999999999998e+00
   3.9100000000000001e+00
   3.8399999999999999e+00
   3.9199999999999999e+00
   3.7599999999999998e+00
   4.1299999999999999e+00
   4.2800000000000002e+00
   4.3899999999999997e+00
   4.4600000000000000e+00
   4.4000000000000004e+00
   4.4699999999999998e+00
   4.5899999999999999e+00
   4.4000000000000004e+00
   4.3700000000000001e+00
   4.4800000000000004e+00
   4.4600000000000000e+00
   4.3899999999999997e+00
   4.4800000000000004e+00
   4.4400000000000004e+00
   4.4600000000000000e+00
   4.3899999999999997e+00
   4.3200000000000003e+00
   4.2800000000000002e+00
   4.3799999999999999e+00
   4.4600000000000000e+00
   4.5300000000000002e+00
   4.5000000000000000e+00
   4.5000000000000000e+00
   4.4800000000000004e+00
   4.4100000000000001e+00
   4.4800000000000004e+00
   4.6799999999999997e+00
   4.6799999999999997e+00
   4.7000000000000002e+00
   4.6600000000000001e+00
   4.6500000000000004e+00
   4.6900000000000004e+00
   4.6600000000000001e+00
   4.6900000000000004e+00
   4.7400000000000002e+00
   4.7800000000000002e+00
   4.5099999999999998e+00
   4.6600000000000001e+00
   4.6200000000000001e+00
   4.6399999999999997e+00
   4.6600000000000001e+00
   4.7500000000000000e+00
   4.7500000000000000e+00
   4.7100000000000000e+00
   4.8200000000000003e+00
   4.7699999999999996e+00
   4.7400000000000002e+00
   4.8200000000000003e+00
   4.7800000000000002e+00
   4.7500000000000000e+00
   4.8099999999999996e+00
   4.9800000000000004e+00
   4.8700000000000001e+00
   4.8899999999999997e+00
   4.7999999999999998e+00
   4.8200000000000003e+00
   4.8600000000000003e+00
   4.7000000000000002e+00
   4.4100000000000001e+00
   4.2000000000000002e+00
   3.8100000000000001e+00
   3.6699999999999999e+00
   3.8999999999999999e+00
   3.7100000000000000e+00
   3.3700000000000001e+00
   3.1600000000000001e+00
   3.1400000000000001e+00
   3.2700000000000000e+00
   3.1000000000000001e+00
   3.1800000000000002e+00
   3.2599999999999998e+00
   3.2700000000000000e+00
   3.2999999999999998e+00
   3.4399999999999999e+00
   3.5400000000000000e+00
   3.5800000000000001e+00
   3.7100000000000000e+00
   3.8100000000000001e+00
   3.9300000000000002e+00
   4.0300000000000002e+00
   4.0199999999999996e+00
   4.0400000000000000e+00
   4.1200000000000001e+00
   4.1100000000000003e+00
   4.0400000000000000e+00
   4.0000000000000000e+00
   3.8500000000000001e+00
   3.9199999999999999e+00
   3.8799999999999999e+00
   3.8599999999999999e+00
   3.9199999999999999e+00
   3.8100000000000001e+00
   3.7799999999999998e+00
   3.8999999999999999e+00
   3.8300000000000001e+00
   3.7500000000000000e+00
   3.7700000000000000e+00
   3.8399999999999999e+00
   3.8999999999999999e+00
   3.9800000000000000e+00
   4.0300000000000002e+00
   4.0599999999999996e+00
   4.0800000000000001e+00
   4.1100000000000003e+00
   4.1799999999999997e+00
   4.0599999999999996e+00
   3.9500000000000002e+00
   3.8199999999999998e+00
   3.8300000000000001e+00
   3.7999999999999998e+00
   3.8199999999999998e+00
   3.8999999999999999e+00
   4.0499999999999998e+00
   4.0499999999999998e+00
   4.0800000000000001e+00
   4.0599999999999996e+00
   3.9500000000000002e+00
   4.0300000000000002e+00
   4.2300000000000004e+00
   4.2100000000000000e+00
   4.2199999999999998e+00
   4.3200000000000003e+00
   4.4699999999999998e+00
   4.4199999999999999e+00
   4.4400000000000004e+00
   4.5700000000000003e+00
   4.4800000000000004e+00
   4.3600000000000003e+00
   4.5300000000000002e+00
   4.5999999999999996e+00
   4.5099999999999998e+00
   4.5999999999999996e+00
   4.4299999999999997e+00
   4.4900000000000002e+00
   4.4299999999999997e+00
   4.3499999999999996e+00
   4.3099999999999996e+00
   4.3799999999999999e+00
   4.4400000000000004e+00
   4.3099999999999996e+00
   4.3300000000000001e+00
   4.3399999999999999e+00
   4.4600000000000000e+00
   4.4500000000000002e+00
   4.3799999999999999e+00
   4.3600000000000003e+00
   4.3300000000000001e+00
   4.4800000000000004e+00
   4.4600000000000000e+00
   4.5000000000000000e+00
   4.5099999999999998e+00
   4.5499999999999998e+00
   4.5499999999999998e+00
   4.4100000000000001e+00
   4.4600000000000000e+00
   4.4500000000000002e+00
   4.5400000000000000e+00
   4.5899999999999999e+00
   4.5800000000000001e+00
   4.5999999999999996e+00
   4.6200000000000001e+00
   4.6200000000000001e+00
   4.7300000000000004e+00
   4.7500000000000000e+00
   4.7500000000000000e+00
   4.6699999999999999e+00
   4.8200000000000003e+00
   4.8099999999999996e+00
   4.8600000000000003e+00
   4.8799999999999999e+00
   4.9100000000000001e+00
   4.9900000000000002e+00
   4.9600000000000000e+00
   5.0199999999999996e+00
   4.8799999999999999e+00
   4.7500000000000000e+00
   4.4900000000000002e+00
   4.2800000000000002e+00
   4.0599999999999996e+00
   3.9199999999999999e+00
   3.6000000000000001e+00
   3.5200000000000000e+00
   3.3799999999999999e+00
   3.4199999999999999e+00
   3.3700000000000001e+00
   3.3300000000000001e+00
   3.2599999999999998e+00
   3.2999999999999998e+00
   3.2900000000000000e+00
   3.1800000000000002e+00
   3.2300000000000000e+00
   3.2300000000000000e+00
